61.000000 33.000000 0 
0.000000 130.000000 18.520792 
0.000000 130.500000 18.585391 
0.000000 131.000000 18.631922 
0.000000 131.500000 18.664715 
0.000000 132.000000 18.670779 
0.000000 132.500000 18.617601 
0.000000 133.000000 18.568077 
0.000000 133.500000 18.591217 
0.000000 134.000000 18.636163 
0.000000 134.500000 18.678288 
0.000000 135.000000 18.707902 
0.000000 135.500000 18.700967 
0.000000 136.000000 18.675896 
0.000000 136.500000 18.638712 
0.000000 137.000000 18.602552 
0.000000 137.500000 18.576864 
0.000000 138.000000 18.578749 
0.000000 138.500000 18.653490 
0.000000 139.000000 18.725982 
0.000000 139.500000 18.713326 
0.000000 140.000000 18.684177 
0.000000 140.500000 18.690519 
0.000000 141.000000 18.699469 
0.000000 141.500000 18.682353 
0.000000 142.000000 18.678532 
0.000000 142.500000 18.742379 
0.000000 143.000000 18.800180 
0.000000 143.500000 18.778942 
0.000000 144.000000 18.730874 
0.000000 144.500000 18.681136 
0.000000 145.000000 18.637874 
0.000000 145.500000 18.619689 
0.000000 146.000000 18.620378 
0.500000 130.000000 18.571516 
0.500000 130.500000 18.590828 
0.500000 131.000000 18.608615 
0.500000 131.500000 18.628655 
0.500000 132.000000 18.639617 
0.500000 132.500000 18.622720 
0.500000 133.000000 18.604097 
0.500000 133.500000 18.608118 
0.500000 134.000000 18.621296 
0.500000 134.500000 18.643325 
0.500000 135.000000 18.659039 
0.500000 135.500000 18.644056 
0.500000 136.000000 18.625732 
0.500000 136.500000 18.629803 
0.500000 137.000000 18.636755 
0.500000 137.500000 18.628851 
0.500000 138.000000 18.626495 
0.500000 138.500000 18.651859 
0.500000 139.000000 18.681898 
0.500000 139.500000 18.696078 
0.500000 140.000000 18.709033 
0.500000 140.500000 18.734808 
0.500000 141.000000 18.754627 
0.500000 141.500000 18.742542 
0.500000 142.000000 18.734111 
0.500000 142.500000 18.775684 
0.500000 143.000000 18.808942 
0.500000 143.500000 18.772083 
0.500000 144.000000 18.721912 
0.500000 144.500000 18.703103 
0.500000 145.000000 18.690262 
0.500000 145.500000 18.671573 
0.500000 146.000000 18.650974 
1.000000 130.000000 18.605185 
1.000000 130.500000 18.603203 
1.000000 131.000000 18.608217 
1.000000 131.500000 18.626549 
1.000000 132.000000 18.639232 
1.000000 132.500000 18.620524 
1.000000 133.000000 18.597082 
1.000000 133.500000 18.589974 
1.000000 134.000000 18.590222 
1.000000 134.500000 18.600968 
1.000000 135.000000 18.606911 
1.000000 135.500000 18.580468 
1.000000 136.000000 18.561631 
1.000000 136.500000 18.598017 
1.000000 137.000000 18.639177 
1.000000 137.500000 18.639386 
1.000000 138.000000 18.632090 
1.000000 138.500000 18.634949 
1.000000 139.000000 18.649594 
1.000000 139.500000 18.691702 
1.000000 140.000000 18.736791 
1.000000 140.500000 18.763533 
1.000000 141.000000 18.778148 
1.000000 141.500000 18.773675 
1.000000 142.000000 18.768328 
1.000000 142.500000 18.789888 
1.000000 143.000000 18.802699 
1.000000 143.500000 18.765093 
1.000000 144.000000 18.722890 
1.000000 144.500000 18.719898 
1.000000 145.000000 18.720491 
1.000000 145.500000 18.701016 
1.000000 146.000000 18.669359 
1.500000 130.000000 18.623321 
1.500000 130.500000 18.624613 
1.500000 131.000000 18.657154 
1.500000 131.500000 18.745265 
1.500000 132.000000 18.815982 
1.500000 132.500000 18.771322 
1.500000 133.000000 18.710659 
1.500000 133.500000 18.722358 
1.500000 134.000000 18.741456 
1.500000 134.500000 18.728414 
1.500000 135.000000 18.695329 
1.500000 135.500000 18.621832 
1.500000 136.000000 18.565779 
1.500000 136.500000 18.606302 
1.500000 137.000000 18.659195 
1.500000 137.500000 18.647163 
1.500000 138.000000 18.628596 
1.500000 138.500000 18.639279 
1.500000 139.000000 18.669730 
1.500000 139.500000 18.737587 
1.500000 140.000000 18.797280 
1.500000 140.500000 18.792728 
1.500000 141.000000 18.773097 
1.500000 141.500000 18.775842 
1.500000 142.000000 18.780009 
1.500000 142.500000 18.775951 
1.500000 143.000000 18.767201 
1.500000 143.500000 18.752046 
1.500000 144.000000 18.736580 
1.500000 144.500000 18.730015 
1.500000 145.000000 18.721283 
1.500000 145.500000 18.701386 
1.500000 146.000000 18.673322 
2.000000 130.000000 18.621360 
2.000000 130.500000 18.648771 
2.000000 131.000000 18.676148 
2.000000 131.500000 18.724198 
2.000000 132.000000 18.730793 
2.000000 132.500000 18.594190 
2.000000 133.000000 18.453945 
2.000000 133.500000 18.448556 
2.000000 134.000000 18.479450 
2.000000 134.500000 18.494074 
2.000000 135.000000 18.492856 
2.000000 135.500000 18.433263 
2.000000 136.000000 18.391625 
2.000000 136.500000 18.465815 
2.000000 137.000000 18.548679 
2.000000 137.500000 18.536102 
2.000000 138.000000 18.516830 
2.000000 138.500000 18.555295 
2.000000 139.000000 18.620327 
2.000000 139.500000 18.721561 
2.000000 140.000000 18.801017 
2.000000 140.500000 18.774294 
2.000000 141.000000 18.730283 
2.000000 141.500000 18.748776 
2.000000 142.000000 18.772675 
2.000000 142.500000 18.760992 
2.000000 143.000000 18.745195 
2.000000 143.500000 18.750722 
2.000000 144.000000 18.754661 
2.000000 144.500000 18.737972 
2.000000 145.000000 18.714476 
2.000000 145.500000 18.692584 
2.000000 146.000000 18.669491 
2.500000 130.000000 18.698851 
2.500000 130.500000 18.917965 
2.500000 131.000000 18.870302 
2.500000 131.500000 18.482409 
2.500000 132.000000 17.974645 
2.500000 132.500000 17.537347 
2.500000 133.000000 17.187126 
2.500000 133.500000 17.008726 
2.500000 134.000000 16.988087 
2.500000 134.500000 17.194190 
2.500000 135.000000 17.462663 
2.500000 135.500000 17.616015 
2.500000 136.000000 17.762588 
2.500000 136.500000 17.990133 
2.500000 137.000000 18.182945 
2.500000 137.500000 18.209806 
2.500000 138.000000 18.205007 
2.500000 138.500000 18.271912 
2.500000 139.000000 18.372080 
2.500000 139.500000 18.526893 
2.500000 140.000000 18.660252 
2.500000 140.500000 18.668940 
2.500000 141.000000 18.655694 
2.500000 141.500000 18.708674 
2.500000 142.000000 18.768393 
2.500000 142.500000 18.802614 
2.500000 143.000000 18.817739 
2.500000 143.500000 18.804292 
2.500000 144.000000 18.777675 
2.500000 144.500000 18.750918 
2.500000 145.000000 18.721666 
2.500000 145.500000 18.692155 
2.500000 146.000000 18.661640 
3.000000 130.000000 18.544975 
3.000000 130.500000 18.688574 
3.000000 131.000000 18.412900 
3.000000 131.500000 17.567757 
3.000000 132.000000 16.603734 
3.000000 132.500000 15.973671 
3.000000 133.000000 15.520623 
3.000000 133.500000 15.197837 
3.000000 134.000000 15.127583 
3.000000 134.500000 15.522456 
3.000000 135.000000 16.064735 
3.000000 135.500000 16.473285 
3.000000 136.000000 16.850951 
3.000000 136.500000 17.234947 
3.000000 137.000000 17.541036 
3.000000 137.500000 17.647922 
3.000000 138.000000 17.704001 
3.000000 138.500000 17.830252 
3.000000 139.000000 17.987631 
3.000000 139.500000 18.204650 
3.000000 140.000000 18.399620 
3.000000 140.500000 18.466276 
3.000000 141.000000 18.506868 
3.000000 141.500000 18.606229 
3.000000 142.000000 18.710346 
3.000000 142.500000 18.800330 
3.000000 143.000000 18.855648 
3.000000 143.500000 18.830650 
3.000000 144.000000 18.781801 
3.000000 144.500000 18.759447 
3.000000 145.000000 18.736300 
3.000000 145.500000 18.700542 
3.000000 146.000000 18.656113 
3.500000 130.000000 17.828059 
3.500000 130.500000 16.856845 
3.500000 131.000000 15.910549 
3.500000 131.500000 14.901115 
3.500000 132.000000 14.092712 
3.500000 132.500000 13.842127 
3.500000 133.000000 13.783449 
3.500000 133.500000 13.558507 
3.500000 134.000000 13.500856 
3.500000 134.500000 13.922897 
3.500000 135.000000 14.529915 
3.500000 135.500000 15.144701 
3.500000 136.000000 15.727137 
3.500000 136.500000 16.159489 
3.500000 137.000000 16.497392 
3.500000 137.500000 16.730955 
3.500000 138.000000 16.939020 
3.500000 138.500000 17.217031 
3.500000 139.000000 17.505290 
3.500000 139.500000 17.789067 
3.500000 140.000000 18.028890 
3.500000 140.500000 18.150043 
3.500000 141.000000 18.243516 
3.500000 141.500000 18.396519 
3.500000 142.000000 18.545670 
3.500000 142.500000 18.656170 
3.500000 143.000000 18.729490 
3.500000 143.500000 18.741154 
3.500000 144.000000 18.734213 
3.500000 144.500000 18.758797 
3.500000 145.000000 18.769198 
3.500000 145.500000 18.732798 
3.500000 146.000000 18.660468 
4.000000 130.000000 16.710217 
4.000000 130.500000 14.745467 
4.000000 131.000000 13.268379 
4.000000 131.500000 12.282495 
4.000000 132.000000 11.777193 
4.000000 132.500000 11.892678 
4.000000 133.000000 12.180018 
4.000000 133.500000 12.087954 
4.000000 134.000000 12.063677 
4.000000 134.500000 12.440756 
4.000000 135.000000 13.008796 
4.000000 135.500000 13.722227 
4.000000 136.000000 14.420144 
4.000000 136.500000 14.866717 
4.000000 137.000000 15.241138 
4.000000 137.500000 15.659924 
4.000000 138.000000 16.075272 
4.000000 138.500000 16.484387 
4.000000 139.000000 16.868754 
4.000000 139.500000 17.213909 
4.000000 140.000000 17.504905 
4.000000 140.500000 17.698550 
4.000000 141.000000 17.865110 
4.000000 141.500000 18.082576 
4.000000 142.000000 18.284576 
4.000000 142.500000 18.420195 
4.000000 143.000000 18.521058 
4.000000 143.500000 18.598584 
4.000000 144.000000 18.662471 
4.000000 144.500000 18.742183 
4.000000 145.000000 18.789843 
4.000000 145.500000 18.762637 
4.000000 146.000000 18.674837 
4.500000 130.000000 15.024368 
4.500000 130.500000 13.448897 
4.500000 131.000000 12.294533 
4.500000 131.500000 11.611450 
4.500000 132.000000 11.249128 
4.500000 132.500000 11.105529 
4.500000 133.000000 11.085378 
4.500000 133.500000 11.001067 
4.500000 134.000000 11.027563 
4.500000 134.500000 11.315740 
4.500000 135.000000 11.750268 
4.500000 135.500000 12.290619 
4.500000 136.000000 12.863252 
4.500000 136.500000 13.330436 
4.500000 137.000000 13.844208 
4.500000 137.500000 14.611633 
4.500000 138.000000 15.329904 
4.500000 138.500000 15.666579 
4.500000 139.000000 15.917637 
4.500000 139.500000 16.317159 
4.500000 140.000000 16.718405 
4.500000 140.500000 17.032680 
4.500000 141.000000 17.319940 
4.500000 141.500000 17.627216 
4.500000 142.000000 17.904596 
4.500000 142.500000 18.100940 
4.500000 143.000000 18.266966 
4.500000 143.500000 18.450310 
4.500000 144.000000 18.609072 
4.500000 144.500000 18.716903 
4.500000 145.000000 18.774795 
4.500000 145.500000 18.773983 
4.500000 146.000000 18.717390 
5.000000 130.000000 13.426423 
5.000000 130.500000 12.548076 
5.000000 131.000000 11.886585 
5.000000 131.500000 11.510229 
5.000000 132.000000 11.214164 
5.000000 132.500000 10.728911 
5.000000 133.000000 10.316652 
5.000000 133.500000 10.187444 
5.000000 134.000000 10.228188 
5.000000 134.500000 10.408476 
5.000000 135.000000 10.690290 
5.000000 135.500000 11.011134 
5.000000 136.000000 11.414037 
5.000000 136.500000 11.897331 
5.000000 137.000000 12.532618 
5.000000 137.500000 13.539234 
5.000000 138.000000 14.472304 
5.000000 138.500000 14.803952 
5.000000 139.000000 15.002511 
5.000000 139.500000 15.420393 
5.000000 140.000000 15.877473 
5.000000 140.500000 16.308447 
5.000000 141.000000 16.721256 
5.000000 141.500000 17.106164 
5.000000 142.000000 17.450901 
5.000000 142.500000 17.725022 
5.000000 143.000000 17.973319 
5.000000 143.500000 18.253921 
5.000000 144.000000 18.496378 
5.000000 144.500000 18.635950 
5.000000 145.000000 18.713633 
5.000000 145.500000 18.751266 
5.000000 146.000000 18.741569 
5.500000 130.000000 12.707866 
5.500000 130.500000 12.059763 
5.500000 131.000000 11.521836 
5.500000 131.500000 11.129897 
5.500000 132.000000 10.776507 
5.500000 132.500000 10.312662 
5.500000 133.000000 9.898861 
5.500000 133.500000 9.653134 
5.500000 134.000000 9.553896 
5.500000 134.500000 9.638655 
5.500000 135.000000 9.848170 
5.500000 135.500000 10.123095 
5.500000 136.000000 10.501253 
5.500000 136.500000 11.004354 
5.500000 137.000000 11.621399 
5.500000 137.500000 12.386025 
5.500000 138.000000 13.186022 
5.500000 138.500000 13.949968 
5.500000 139.000000 14.589132 
5.500000 139.500000 14.895755 
5.500000 140.000000 15.155502 
5.500000 140.500000 15.657356 
5.500000 141.000000 16.183602 
5.500000 141.500000 16.583587 
5.500000 142.000000 16.945115 
5.500000 142.500000 17.317569 
5.500000 143.000000 17.665567 
5.500000 143.500000 17.971892 
5.500000 144.000000 18.231443 
5.500000 144.500000 18.432630 
5.500000 145.000000 18.577704 
5.500000 145.500000 18.664850 
5.500000 146.000000 18.694671 
6.000000 130.000000 12.294883 
6.000000 130.500000 11.770964 
6.000000 131.000000 11.269249 
6.000000 131.500000 10.783555 
6.000000 132.000000 10.332430 
6.000000 132.500000 9.932162 
6.000000 133.000000 9.583351 
6.000000 133.500000 9.263671 
6.000000 134.000000 9.058195 
6.000000 134.500000 9.068780 
6.000000 135.000000 9.222746 
6.000000 135.500000 9.477053 
6.000000 136.000000 9.844641 
6.000000 136.500000 10.354513 
6.000000 137.000000 10.915433 
6.000000 137.500000 11.358380 
6.000000 138.000000 11.945708 
6.000000 138.500000 13.099540 
6.000000 139.000000 14.171555 
6.000000 139.500000 14.429533 
6.000000 140.000000 14.547294 
6.000000 140.500000 15.073829 
6.000000 141.000000 15.651398 
6.000000 141.500000 16.056982 
6.000000 142.000000 16.435413 
6.000000 142.500000 16.891576 
6.000000 143.000000 17.322286 
6.000000 143.500000 17.636938 
6.000000 144.000000 17.902678 
6.000000 144.500000 18.173304 
6.000000 145.000000 18.398261 
6.000000 145.500000 18.540851 
6.000000 146.000000 18.613306 
6.500000 130.000000 11.842087 
6.500000 130.500000 11.432131 
6.500000 131.000000 10.992524 
6.500000 131.500000 10.515617 
6.500000 132.000000 10.024357 
6.500000 132.500000 9.500660 
6.500000 133.000000 9.059966 
6.500000 133.500000 8.842073 
6.500000 134.000000 8.755828 
6.500000 134.500000 8.754401 
6.500000 135.000000 8.844618 
6.500000 135.500000 8.998749 
6.500000 136.000000 9.273631 
6.500000 136.500000 9.773007 
6.500000 137.000000 10.328422 
6.500000 137.500000 10.707303 
6.500000 138.000000 11.205750 
6.500000 138.500000 12.210557 
6.500000 139.000000 13.217071 
6.500000 139.500000 13.728687 
6.500000 140.000000 14.108060 
6.500000 140.500000 14.583081 
6.500000 141.000000 15.061445 
6.500000 141.500000 15.522002 
6.500000 142.000000 15.979172 
6.500000 142.500000 16.459125 
6.500000 143.000000 16.905468 
6.500000 143.500000 17.247742 
6.500000 144.000000 17.554322 
6.500000 144.500000 17.894980 
6.500000 145.000000 18.195070 
6.500000 145.500000 18.396781 
6.500000 146.000000 18.519383 
7.000000 130.000000 11.455683 
7.000000 130.500000 11.169689 
7.000000 131.000000 10.784751 
7.000000 131.500000 10.283199 
7.000000 132.000000 9.718038 
7.000000 132.500000 9.054386 
7.000000 133.000000 8.538224 
7.000000 133.500000 8.521943 
7.000000 134.000000 8.651434 
7.000000 134.500000 8.636059 
7.000000 135.000000 8.637799 
7.000000 135.500000 8.701943 
7.000000 136.000000 8.887919 
7.000000 136.500000 9.330213 
7.000000 137.000000 9.848936 
7.000000 137.500000 10.242192 
7.000000 138.000000 10.710478 
7.000000 138.500000 11.447561 
7.000000 139.000000 12.271731 
7.000000 139.500000 13.103352 
7.000000 140.000000 13.829964 
7.000000 140.500000 14.224240 
7.000000 141.000000 14.551145 
7.000000 141.500000 15.048358 
7.000000 142.000000 15.570409 
7.000000 142.500000 16.048083 
7.000000 143.000000 16.490304 
7.000000 143.500000 16.868870 
7.000000 144.000000 17.225947 
7.000000 144.500000 17.619021 
7.000000 145.000000 17.973936 
7.000000 145.500000 18.228822 
7.000000 146.000000 18.404302 
7.500000 130.000000 11.070932 
7.500000 130.500000 11.053793 
7.500000 131.000000 10.742422 
7.500000 131.500000 10.039704 
7.500000 132.000000 9.236982 
7.500000 132.500000 8.532376 
7.500000 133.000000 8.108440 
7.500000 133.500000 8.427022 
7.500000 134.000000 8.848353 
7.500000 134.500000 8.725713 
7.500000 135.000000 8.541808 
7.500000 135.500000 8.608970 
7.500000 136.000000 8.791599 
7.500000 136.500000 9.055243 
7.500000 137.000000 9.408793 
7.500000 137.500000 9.843724 
7.500000 138.000000 10.377829 
7.500000 138.500000 11.019217 
7.500000 139.000000 11.788408 
7.500000 139.500000 12.841407 
7.500000 140.000000 13.779873 
7.500000 140.500000 14.092829 
7.500000 141.000000 14.274183 
7.500000 141.500000 14.716221 
7.500000 142.000000 15.212821 
7.500000 142.500000 15.684205 
7.500000 143.000000 16.143617 
7.500000 143.500000 16.576037 
7.500000 144.000000 16.986476 
7.500000 144.500000 17.383531 
7.500000 145.000000 17.741418 
7.500000 145.500000 18.034351 
7.500000 146.000000 18.270927 
8.000000 130.000000 10.855283 
8.000000 130.500000 11.003710 
8.000000 131.000000 10.719027 
8.000000 131.500000 9.840679 
8.000000 132.000000 8.850330 
8.000000 132.500000 8.139457 
8.000000 133.000000 7.818065 
8.000000 133.500000 8.409908 
8.000000 134.000000 9.065222 
8.000000 134.500000 8.864663 
8.000000 135.000000 8.540730 
8.000000 135.500000 8.619845 
8.000000 136.000000 8.800903 
8.000000 136.500000 8.897101 
8.000000 137.000000 9.091955 
8.000000 137.500000 9.549072 
8.000000 138.000000 10.141375 
8.000000 138.500000 10.751050 
8.000000 139.000000 11.513918 
8.000000 139.500000 12.716583 
8.000000 140.000000 13.788884 
8.000000 140.500000 14.044872 
8.000000 141.000000 14.118517 
8.000000 141.500000 14.489871 
8.000000 142.000000 14.934741 
8.000000 142.500000 15.385914 
8.000000 143.000000 15.852507 
8.000000 143.500000 16.334478 
8.000000 144.000000 16.792094 
8.000000 144.500000 17.175301 
8.000000 145.000000 17.515027 
8.000000 145.500000 17.827299 
8.000000 146.000000 18.106774 
8.500000 130.000000 11.014597 
8.500000 130.500000 10.908957 
8.500000 131.000000 10.510141 
8.500000 131.500000 9.705688 
8.500000 132.000000 8.832982 
8.500000 132.500000 8.127258 
8.500000 133.000000 7.782503 
8.500000 133.500000 8.346124 
8.500000 134.000000 8.993097 
8.500000 134.500000 8.870749 
8.500000 135.000000 8.609439 
8.500000 135.500000 8.617222 
8.500000 136.000000 8.708338 
8.500000 136.500000 8.801672 
8.500000 137.000000 8.991349 
8.500000 137.500000 9.355697 
8.500000 138.000000 9.860988 
8.500000 138.500000 10.471027 
8.500000 139.000000 11.271540 
8.500000 139.500000 12.534058 
8.500000 140.000000 13.664969 
8.500000 140.500000 13.945880 
8.500000 141.000000 14.022670 
8.500000 141.500000 14.372745 
8.500000 142.000000 14.783124 
8.500000 142.500000 15.188017 
8.500000 143.000000 15.623257 
8.500000 143.500000 16.134538 
8.500000 144.000000 16.626484 
8.500000 144.500000 16.997538 
8.500000 145.000000 17.311935 
8.500000 145.500000 17.603858 
8.500000 146.000000 17.861913 
9.000000 130.000000 11.368897 
9.000000 130.500000 10.928939 
9.000000 131.000000 10.386000 
9.000000 131.500000 9.696091 
9.000000 132.000000 8.991175 
9.000000 132.500000 8.294409 
9.000000 133.000000 7.888225 
9.000000 133.500000 8.290641 
9.000000 134.000000 8.818055 
9.000000 134.500000 8.826307 
9.000000 135.000000 8.715092 
9.000000 135.500000 8.675529 
9.000000 136.000000 8.689178 
9.000000 136.500000 8.807437 
9.000000 137.000000 9.011909 
9.000000 137.500000 9.263411 
9.000000 138.000000 9.675704 
9.000000 138.500000 10.380495 
9.000000 139.000000 11.284762 
9.000000 139.500000 12.487365 
9.000000 140.000000 13.544369 
9.000000 140.500000 13.862908 
9.000000 141.000000 13.988642 
9.000000 141.500000 14.327532 
9.000000 142.000000 14.705806 
9.000000 142.500000 15.067115 
9.000000 143.000000 15.465144 
9.000000 143.500000 15.976589 
9.000000 144.000000 16.476073 
9.000000 144.500000 16.839094 
9.000000 145.000000 17.139726 
9.000000 145.500000 17.414616 
9.000000 146.000000 17.651549 
9.500000 130.000000 11.779292 
9.500000 130.500000 11.223918 
9.500000 131.000000 10.609443 
9.500000 131.500000 9.907896 
9.500000 132.000000 9.203191 
9.500000 132.500000 8.483545 
9.500000 133.000000 8.008083 
9.500000 133.500000 8.189399 
9.500000 134.000000 8.555306 
9.500000 134.500000 8.724480 
9.500000 135.000000 8.836925 
9.500000 135.500000 8.893529 
9.500000 136.000000 8.930320 
9.500000 136.500000 8.962980 
9.500000 137.000000 9.053440 
9.500000 137.500000 9.200002 
9.500000 138.000000 9.609228 
9.500000 138.500000 10.652545 
9.500000 139.000000 11.833650 
9.500000 139.500000 12.770766 
9.500000 140.000000 13.491738 
9.500000 140.500000 13.801123 
9.500000 141.000000 13.987006 
9.500000 141.500000 14.306413 
9.500000 142.000000 14.657073 
9.500000 142.500000 15.016011 
9.500000 143.000000 15.402361 
9.500000 143.500000 15.848106 
9.500000 144.000000 16.291729 
9.500000 144.500000 16.673479 
9.500000 145.000000 17.020046 
9.500000 145.500000 17.339051 
9.500000 146.000000 17.627952 
10.000000 130.000000 12.328386 
10.000000 130.500000 11.680853 
10.000000 131.000000 10.998243 
10.000000 131.500000 10.256724 
10.000000 132.000000 9.527791 
10.000000 132.500000 8.814275 
10.000000 133.000000 8.298337 
10.000000 133.500000 8.245011 
10.000000 134.000000 8.408500 
10.000000 134.500000 8.650680 
10.000000 135.000000 8.913570 
10.000000 135.500000 9.080879 
10.000000 136.000000 9.189410 
10.000000 136.500000 9.183875 
10.000000 137.000000 9.224255 
10.000000 137.500000 9.378994 
10.000000 138.000000 9.867420 
10.000000 138.500000 11.199908 
10.000000 139.000000 12.571757 
10.000000 139.500000 13.187254 
10.000000 140.000000 13.529805 
10.000000 140.500000 13.811694 
10.000000 141.000000 14.050570 
10.000000 141.500000 14.344349 
10.000000 142.000000 14.664524 
10.000000 142.500000 15.020898 
10.000000 143.000000 15.396449 
10.000000 143.500000 15.778126 
10.000000 144.000000 16.163819 
10.000000 144.500000 16.549923 
10.000000 145.000000 16.927871 
10.000000 145.500000 17.286676 
10.000000 146.000000 17.630001 
10.500000 130.000000 13.080358 
10.500000 130.500000 12.201667 
10.500000 131.000000 11.389340 
10.500000 131.500000 10.632679 
10.500000 132.000000 9.963777 
10.500000 132.500000 9.399513 
10.500000 133.000000 8.974834 
10.500000 133.500000 8.754132 
10.500000 134.000000 8.665950 
10.500000 134.500000 8.659250 
10.500000 135.000000 8.737168 
10.500000 135.500000 8.898282 
10.500000 136.000000 9.105222 
10.500000 136.500000 9.267351 
10.500000 137.000000 9.543045 
10.500000 137.500000 10.056471 
10.500000 138.000000 10.819607 
10.500000 138.500000 12.087470 
10.500000 139.000000 13.255102 
10.500000 139.500000 13.613774 
10.500000 140.000000 13.729816 
10.500000 140.500000 13.974458 
10.500000 141.000000 14.224266 
10.500000 141.500000 14.471665 
10.500000 142.000000 14.740300 
10.500000 142.500000 15.054766 
10.500000 143.000000 15.404635 
10.500000 143.500000 15.806447 
10.500000 144.000000 16.203885 
10.500000 144.500000 16.526511 
10.500000 145.000000 16.833236 
10.500000 145.500000 17.163921 
10.500000 146.000000 17.505279 
11.000000 130.000000 13.951588 
11.000000 130.500000 12.901735 
11.000000 131.000000 11.988070 
11.000000 131.500000 11.208321 
11.000000 132.000000 10.569306 
11.000000 132.500000 10.101985 
11.000000 133.000000 9.731663 
11.000000 133.500000 9.380573 
11.000000 134.000000 9.088882 
11.000000 134.500000 8.836550 
11.000000 135.000000 8.726423 
11.000000 135.500000 8.891368 
11.000000 136.000000 9.221272 
11.000000 136.500000 9.617015 
11.000000 137.000000 10.178479 
11.000000 137.500000 11.032537 
11.000000 138.000000 11.999100 
11.000000 138.500000 13.031857 
11.000000 139.000000 13.856353 
11.000000 139.500000 14.022731 
11.000000 140.000000 14.010881 
11.000000 140.500000 14.208576 
11.000000 141.000000 14.442299 
11.000000 141.500000 14.654453 
11.000000 142.000000 14.885054 
11.000000 142.500000 15.150024 
11.000000 143.000000 15.464054 
11.000000 143.500000 15.888271 
11.000000 144.000000 16.299279 
11.000000 144.500000 16.550188 
11.000000 145.000000 16.772608 
11.000000 145.500000 17.059522 
11.000000 146.000000 17.379935 
11.500000 130.000000 14.912641 
11.500000 130.500000 13.949079 
11.500000 131.000000 13.046666 
11.500000 131.500000 12.198817 
11.500000 132.000000 11.425290 
11.500000 132.500000 10.736943 
11.500000 133.000000 10.153892 
11.500000 133.500000 9.692857 
11.500000 134.000000 9.374891 
11.500000 134.500000 9.211516 
11.500000 135.000000 9.248038 
11.500000 135.500000 9.561001 
11.500000 136.000000 10.068217 
11.500000 136.500000 10.734242 
11.500000 137.000000 11.495384 
11.500000 137.500000 12.304031 
11.500000 138.000000 13.076499 
11.500000 138.500000 13.737652 
11.500000 139.000000 14.214232 
11.500000 139.500000 14.318522 
11.500000 140.000000 14.318755 
11.500000 140.500000 14.446967 
11.500000 141.000000 14.624024 
11.500000 141.500000 14.860687 
11.500000 142.000000 15.119307 
11.500000 142.500000 15.344026 
11.500000 143.000000 15.600228 
11.500000 143.500000 15.977463 
11.500000 144.000000 16.347385 
11.500000 144.500000 16.569824 
11.500000 145.000000 16.769798 
11.500000 145.500000 17.035387 
11.500000 146.000000 17.337231 
12.000000 130.000000 15.865142 
12.000000 130.500000 15.087682 
12.000000 131.000000 14.261383 
12.000000 131.500000 13.366454 
12.000000 132.000000 12.462264 
12.000000 132.500000 11.559725 
12.000000 133.000000 10.784422 
12.000000 133.500000 10.273504 
12.000000 134.000000 10.003187 
12.000000 134.500000 10.010766 
12.000000 135.000000 10.250155 
12.000000 135.500000 10.702183 
12.000000 136.000000 11.323411 
12.000000 136.500000 12.122947 
12.000000 137.000000 12.923985 
12.000000 137.500000 13.536825 
12.000000 138.000000 14.009262 
12.000000 138.500000 14.305876 
12.000000 139.000000 14.486600 
12.000000 139.500000 14.582122 
12.000000 140.000000 14.644749 
12.000000 140.500000 14.728183 
12.000000 141.000000 14.858931 
12.000000 141.500000 15.115048 
12.000000 142.000000 15.395597 
12.000000 142.500000 15.594926 
12.000000 143.000000 15.805225 
12.000000 143.500000 16.117839 
12.000000 144.000000 16.429646 
12.000000 144.500000 16.637720 
12.000000 145.000000 16.832815 
12.000000 145.500000 17.078434 
12.000000 146.000000 17.353408 
12.500000 130.000000 16.714672 
12.500000 130.500000 16.142875 
12.500000 131.000000 15.445981 
12.500000 131.500000 14.573530 
12.500000 132.000000 13.676901 
12.500000 132.500000 12.874598 
12.500000 133.000000 12.214789 
12.500000 133.500000 11.780548 
12.500000 134.000000 11.585675 
12.500000 134.500000 11.712212 
12.500000 135.000000 12.038501 
12.500000 135.500000 12.493729 
12.500000 136.000000 13.007410 
12.500000 136.500000 13.489099 
12.500000 137.000000 13.927861 
12.500000 137.500000 14.285014 
12.500000 138.000000 14.553342 
12.500000 138.500000 14.686684 
12.500000 139.000000 14.763196 
12.500000 139.500000 14.842784 
12.500000 140.000000 14.934042 
12.500000 140.500000 15.070010 
12.500000 141.000000 15.237261 
12.500000 141.500000 15.439002 
12.500000 142.000000 15.658373 
12.500000 142.500000 15.874829 
12.500000 143.000000 16.102637 
12.500000 143.500000 16.362752 
12.500000 144.000000 16.614562 
12.500000 144.500000 16.807827 
12.500000 145.000000 16.992393 
12.500000 145.500000 17.205497 
12.500000 146.000000 17.434725 
13.000000 130.000000 17.419923 
13.000000 130.500000 17.038644 
13.000000 131.000000 16.500179 
13.000000 131.500000 15.735171 
13.000000 132.000000 14.951689 
13.000000 132.500000 14.350033 
13.000000 133.000000 13.884152 
13.000000 133.500000 13.555968 
13.000000 134.000000 13.421870 
13.000000 134.500000 13.590910 
13.000000 135.000000 13.907018 
13.000000 135.500000 14.285063 
13.000000 136.000000 14.621276 
13.000000 136.500000 14.727916 
13.000000 137.000000 14.771782 
13.000000 137.500000 14.880772 
13.000000 138.000000 14.983855 
13.000000 138.500000 15.037257 
13.000000 139.000000 15.087109 
13.000000 139.500000 15.160067 
13.000000 140.000000 15.270786 
13.000000 140.500000 15.467666 
13.000000 141.000000 15.676124 
13.000000 141.500000 15.810166 
13.000000 142.000000 15.952415 
13.000000 142.500000 16.179245 
13.000000 143.000000 16.423406 
13.000000 143.500000 16.637451 
13.000000 144.000000 16.838350 
13.000000 144.500000 17.024054 
13.000000 145.000000 17.204168 
13.000000 145.500000 17.388727 
13.000000 146.000000 17.574386 
13.500000 130.000000 17.871421 
13.500000 130.500000 17.580338 
13.500000 131.000000 17.209912 
13.500000 131.500000 16.725340 
13.500000 132.000000 16.231037 
13.500000 132.500000 15.829740 
13.500000 133.000000 15.491674 
13.500000 133.500000 15.202612 
13.500000 134.000000 15.018650 
13.500000 134.500000 15.014636 
13.500000 135.000000 15.120099 
13.500000 135.500000 15.325875 
13.500000 136.000000 15.522888 
13.500000 136.500000 15.565450 
13.500000 137.000000 15.554246 
13.500000 137.500000 15.540529 
13.500000 138.000000 15.526903 
13.500000 138.500000 15.529126 
13.500000 139.000000 15.558988 
13.500000 139.500000 15.634196 
13.500000 140.000000 15.752753 
13.500000 140.500000 15.942754 
13.500000 141.000000 16.131630 
13.500000 141.500000 16.224950 
13.500000 142.000000 16.316399 
13.500000 142.500000 16.487065 
13.500000 143.000000 16.680313 
13.500000 143.500000 16.861878 
13.500000 144.000000 17.045742 
13.500000 144.500000 17.238002 
13.500000 145.000000 17.428054 
13.500000 145.500000 17.606253 
13.500000 146.000000 17.775814 
14.000000 130.000000 18.179246 
14.000000 130.500000 17.949210 
14.000000 131.000000 17.730298 
14.000000 131.500000 17.529824 
14.000000 132.000000 17.325846 
14.000000 132.500000 17.092270 
14.000000 133.000000 16.848872 
14.000000 133.500000 16.595904 
14.000000 134.000000 16.365843 
14.000000 134.500000 16.183148 
14.000000 135.000000 16.072113 
14.000000 135.500000 16.094176 
14.000000 136.000000 16.162366 
14.000000 136.500000 16.215160 
14.000000 137.000000 16.237651 
14.000000 137.500000 16.165619 
14.000000 138.000000 16.085479 
14.000000 138.500000 16.069405 
14.000000 139.000000 16.095897 
14.000000 139.500000 16.172432 
14.000000 140.000000 16.284259 
14.000000 140.500000 16.433906 
14.000000 141.000000 16.577017 
14.000000 141.500000 16.648450 
14.000000 142.000000 16.713082 
14.000000 142.500000 16.820246 
14.000000 143.000000 16.951435 
14.000000 143.500000 17.105321 
14.000000 144.000000 17.279693 
14.000000 144.500000 17.480541 
14.000000 145.000000 17.681941 
14.000000 145.500000 17.856977 
14.000000 146.000000 18.014621 
14.500000 130.000000 18.422685 
14.500000 130.500000 18.280624 
14.500000 131.000000 18.156381 
14.500000 131.500000 18.068445 
14.500000 132.000000 17.961347 
14.500000 132.500000 17.759862 
14.500000 133.000000 17.541747 
14.500000 133.500000 17.368217 
14.500000 134.000000 17.213676 
14.500000 134.500000 17.068242 
14.500000 135.000000 16.945994 
14.500000 135.500000 16.857462 
14.500000 136.000000 16.803418 
14.500000 136.500000 16.808721 
14.500000 137.000000 16.811640 
14.500000 137.500000 16.730436 
14.500000 138.000000 16.650000 
14.500000 138.500000 16.638219 
14.500000 139.000000 16.664374 
14.500000 139.500000 16.727161 
14.500000 140.000000 16.806231 
14.500000 140.500000 16.876983 
14.500000 141.000000 16.950869 
14.500000 141.500000 17.031706 
14.500000 142.000000 17.117799 
14.500000 142.500000 17.204540 
14.500000 143.000000 17.304488 
14.500000 143.500000 17.426327 
14.500000 144.000000 17.577066 
14.500000 144.500000 17.785068 
14.500000 145.000000 17.994951 
14.500000 145.500000 18.155047 
14.500000 146.000000 18.282580 
15.000000 130.000000 18.584642 
15.000000 130.500000 18.517603 
15.000000 131.000000 18.454311 
15.000000 131.500000 18.413054 
15.000000 132.000000 18.338967 
15.000000 132.500000 18.145161 
15.000000 133.000000 17.946001 
15.000000 133.500000 17.851567 
15.000000 134.000000 17.787829 
15.000000 134.500000 17.721578 
15.000000 135.000000 17.640438 
15.000000 135.500000 17.496971 
15.000000 136.000000 17.363156 
15.000000 136.500000 17.317529 
15.000000 137.000000 17.292977 
15.000000 137.500000 17.232227 
15.000000 138.000000 17.184293 
15.000000 138.500000 17.188058 
15.000000 139.000000 17.216651 
15.000000 139.500000 17.263230 
15.000000 140.000000 17.306598 
15.000000 140.500000 17.301909 
15.000000 141.000000 17.313257 
15.000000 141.500000 17.413298 
15.000000 142.000000 17.531488 
15.000000 142.500000 17.607453 
15.000000 143.000000 17.683333 
15.000000 143.500000 17.777067 
15.000000 144.000000 17.900875 
15.000000 144.500000 18.095602 
15.000000 145.000000 18.293302 
15.000000 145.500000 18.432853 
15.000000 146.000000 18.534629 
15.500000 130.000000 18.661502 
15.500000 130.500000 18.627303 
15.500000 131.000000 18.598120 
15.500000 131.500000 18.586230 
15.500000 132.000000 18.554807 
15.500000 132.500000 18.448038 
15.500000 133.000000 18.335162 
15.500000 133.500000 18.285374 
15.500000 134.000000 18.243003 
15.500000 134.500000 18.171392 
15.500000 135.000000 18.082701 
15.500000 135.500000 17.969047 
15.500000 136.000000 17.853893 
15.500000 136.500000 17.755579 
15.500000 137.000000 17.681578 
15.500000 137.500000 17.650692 
15.500000 138.000000 17.647277 
15.500000 138.500000 17.664667 
15.500000 139.000000 17.694739 
15.500000 139.500000 17.733423 
15.500000 140.000000 17.761897 
15.500000 140.500000 17.733589 
15.500000 141.000000 17.727680 
15.500000 141.500000 17.842335 
15.500000 142.000000 17.974027 
15.500000 142.500000 18.029486 
15.500000 143.000000 18.076114 
15.500000 143.500000 18.154764 
15.500000 144.000000 18.251811 
15.500000 144.500000 18.373293 
15.500000 145.000000 18.501081 
15.500000 145.500000 18.617042 
15.500000 146.000000 18.727222 
16.000000 130.000000 18.692113 
16.000000 130.500000 18.672678 
16.000000 131.000000 18.659195 
16.000000 131.500000 18.655602 
16.000000 132.000000 18.650083 
16.000000 132.500000 18.629058 
16.000000 133.000000 18.601748 
16.000000 133.500000 18.579803 
16.000000 134.000000 18.542359 
16.000000 134.500000 18.459755 
16.000000 135.000000 18.370036 
16.000000 135.500000 18.315867 
16.000000 136.000000 18.253727 
16.000000 136.500000 18.126755 
16.000000 137.000000 18.017628 
16.000000 137.500000 18.012865 
16.000000 138.000000 18.044084 
16.000000 138.500000 18.068402 
16.000000 139.000000 18.095837 
16.000000 139.500000 18.126315 
16.000000 140.000000 18.147224 
16.000000 140.500000 18.122945 
16.000000 141.000000 18.122428 
16.000000 141.500000 18.238266 
16.000000 142.000000 18.363926 
16.000000 142.500000 18.397408 
16.000000 143.000000 18.417704 
16.000000 143.500000 18.482810 
16.000000 144.000000 18.553706 
16.000000 144.500000 18.600142 
16.000000 145.000000 18.653801 
16.000000 145.500000 18.738983 
16.000000 146.000000 18.847588 
16.500000 130.000000 18.717318 
16.500000 130.500000 18.711367 
16.500000 131.000000 18.704933 
16.500000 131.500000 18.696677 
16.500000 132.000000 18.690617 
16.500000 132.500000 18.693767 
16.500000 133.000000 18.695795 
16.500000 133.500000 18.690509 
16.500000 134.000000 18.672497 
16.500000 134.500000 18.625075 
16.500000 135.000000 18.575869 
16.500000 135.500000 18.561511 
16.500000 136.000000 18.538304 
16.500000 136.500000 18.452199 
16.500000 137.000000 18.370889 
16.500000 137.500000 18.359584 
16.500000 138.000000 18.371686 
16.500000 138.500000 18.379890 
16.500000 139.000000 18.391534 
16.500000 139.500000 18.404662 
16.500000 140.000000 18.419858 
16.500000 140.500000 18.430348 
16.500000 141.000000 18.456260 
16.500000 141.500000 18.533782 
16.500000 142.000000 18.607958 
16.500000 142.500000 18.616710 
16.500000 143.000000 18.617585 
16.500000 143.500000 18.659205 
16.500000 144.000000 18.706262 
16.500000 144.500000 18.734139 
16.500000 145.000000 18.759394 
16.500000 145.500000 18.791425 
16.500000 146.000000 18.827100 
17.000000 130.000000 18.727519 
17.000000 130.500000 18.726481 
17.000000 131.000000 18.721329 
17.000000 131.500000 18.708396 
17.000000 132.000000 18.698685 
17.000000 132.500000 18.707095 
17.000000 133.000000 18.718277 
17.000000 133.500000 18.720446 
17.000000 134.000000 18.717807 
17.000000 134.500000 18.706571 
17.000000 135.000000 18.698938 
17.000000 135.500000 18.716611 
17.000000 136.000000 18.727298 
17.000000 136.500000 18.694139 
17.000000 137.000000 18.652550 
17.000000 137.500000 18.629143 
17.000000 138.000000 18.613478 
17.000000 138.500000 18.604062 
17.000000 139.000000 18.600669 
17.000000 139.500000 18.598707 
17.000000 140.000000 18.609783 
17.000000 140.500000 18.652349 
17.000000 141.000000 18.701268 
17.000000 141.500000 18.738272 
17.000000 142.000000 18.761200 
17.000000 142.500000 18.751727 
17.000000 143.000000 18.740071 
17.000000 143.500000 18.757357 
17.000000 144.000000 18.782552 
17.000000 144.500000 18.808460 
17.000000 145.000000 18.824694 
17.000000 145.500000 18.816871 
17.000000 146.000000 18.789785 
17.500000 130.000000 18.726165 
17.500000 130.500000 18.707828 
17.500000 131.000000 18.702019 
17.500000 131.500000 18.710722 
17.500000 132.000000 18.727987 
17.500000 132.500000 18.751980 
17.500000 133.000000 18.772345 
17.500000 133.500000 18.774753 
17.500000 134.000000 18.769288 
17.500000 134.500000 18.755198 
17.500000 135.000000 18.750660 
17.500000 135.500000 18.789965 
17.500000 136.000000 18.824024 
17.500000 136.500000 18.799737 
17.500000 137.000000 18.763432 
17.500000 137.500000 18.748981 
17.500000 138.000000 18.740656 
17.500000 138.500000 18.733615 
17.500000 139.000000 18.729070 
17.500000 139.500000 18.723295 
17.500000 140.000000 18.726260 
17.500000 140.500000 18.751899 
17.500000 141.000000 18.784601 
17.500000 141.500000 18.816267 
17.500000 142.000000 18.838297 
17.500000 142.500000 18.832444 
17.500000 143.000000 18.819547 
17.500000 143.500000 18.814816 
17.500000 144.000000 18.816890 
17.500000 144.500000 18.832760 
17.500000 145.000000 18.852581 
17.500000 145.500000 18.867897 
17.500000 146.000000 18.881527 
18.000000 130.000000 18.714953 
18.000000 130.500000 18.692950 
18.000000 131.000000 18.691470 
18.000000 131.500000 18.716092 
18.000000 132.000000 18.750078 
18.000000 132.500000 18.779940 
18.000000 133.000000 18.801503 
18.000000 133.500000 18.802532 
18.000000 134.000000 18.793722 
18.000000 134.500000 18.774162 
18.000000 135.000000 18.766424 
18.000000 135.500000 18.811162 
18.000000 136.000000 18.853211 
18.000000 136.500000 18.835335 
18.000000 137.000000 18.804407 
18.000000 137.500000 18.792508 
18.000000 138.000000 18.786780 
18.000000 138.500000 18.785874 
18.000000 139.000000 18.787345 
18.000000 139.500000 18.787381 
18.000000 140.000000 18.788736 
18.000000 140.500000 18.790163 
18.000000 141.000000 18.799849 
18.000000 141.500000 18.835028 
18.000000 142.000000 18.867315 
18.000000 142.500000 18.867395 
18.000000 143.000000 18.855288 
18.000000 143.500000 18.837167 
18.000000 144.000000 18.825250 
18.000000 144.500000 18.835595 
18.000000 145.000000 18.862854 
18.000000 145.500000 18.907034 
18.000000 146.000000 18.968133 
18.500000 130.000000 18.686244 
18.500000 130.500000 18.730297 
18.500000 131.000000 18.755895 
18.500000 131.500000 18.757354 
18.500000 132.000000 18.751729 
18.500000 132.500000 18.757137 
18.500000 133.000000 18.764707 
18.500000 133.500000 18.770950 
18.500000 134.000000 18.777836 
18.500000 134.500000 18.786047 
18.500000 135.000000 18.795961 
18.500000 135.500000 18.808512 
18.500000 136.000000 18.822708 
18.500000 136.500000 18.846426 
18.500000 137.000000 18.853997 
18.500000 137.500000 18.803635 
18.500000 138.000000 18.751564 
18.500000 138.500000 18.751694 
18.500000 139.000000 18.769185 
18.500000 139.500000 18.787458 
18.500000 140.000000 18.805640 
18.500000 140.500000 18.812853 
18.500000 141.000000 18.822529 
18.500000 141.500000 18.853317 
18.500000 142.000000 18.878683 
18.500000 142.500000 18.869792 
18.500000 143.000000 18.852198 
18.500000 143.500000 18.841177 
18.500000 144.000000 18.838722 
18.500000 144.500000 18.855990 
18.500000 145.000000 18.880769 
18.500000 145.500000 18.903508 
18.500000 146.000000 18.927389 
19.000000 130.000000 18.671493 
19.000000 130.500000 18.776951 
19.000000 131.000000 18.823687 
19.000000 131.500000 18.793242 
19.000000 132.000000 18.740994 
19.000000 132.500000 18.722579 
19.000000 133.000000 18.718755 
19.000000 133.500000 18.730955 
19.000000 134.000000 18.752793 
19.000000 134.500000 18.783678 
19.000000 135.000000 18.807659 
19.000000 135.500000 18.794641 
19.000000 136.000000 18.786466 
19.000000 136.500000 18.842713 
19.000000 137.000000 18.880069 
19.000000 137.500000 18.798296 
19.000000 138.000000 18.707750 
19.000000 138.500000 18.703181 
19.000000 139.000000 18.731166 
19.000000 139.500000 18.775769 
19.000000 140.000000 18.819284 
19.000000 140.500000 18.829278 
19.000000 141.000000 18.834002 
19.000000 141.500000 18.861162 
19.000000 142.000000 18.879960 
19.000000 142.500000 18.855587 
19.000000 143.000000 18.827781 
19.000000 143.500000 18.830852 
19.000000 144.000000 18.846268 
19.000000 144.500000 18.872187 
19.000000 145.000000 18.892846 
19.000000 145.500000 18.889819 
19.000000 146.000000 18.869247 
19.500000 130.000000 18.718348 
19.500000 130.500000 18.806072 
19.500000 131.000000 18.833601 
19.500000 131.500000 18.778033 
19.500000 132.000000 18.708067 
19.500000 132.500000 18.697475 
19.500000 133.000000 18.708130 
19.500000 133.500000 18.728838 
19.500000 134.000000 18.752585 
19.500000 134.500000 18.763431 
19.500000 135.000000 18.776958 
19.500000 135.500000 18.808373 
19.500000 136.000000 18.842855 
19.500000 136.500000 18.879602 
19.500000 137.000000 18.891759 
19.500000 137.500000 18.831457 
19.500000 138.000000 18.760927 
19.500000 138.500000 18.724990 
19.500000 139.000000 18.728002 
19.500000 139.500000 18.820680 
19.500000 140.000000 18.908769 
19.500000 140.500000 18.881730 
19.500000 141.000000 18.839136 
19.500000 141.500000 18.869561 
19.500000 142.000000 18.895463 
19.500000 142.500000 18.842922 
19.500000 143.000000 18.789652 
19.500000 143.500000 18.805106 
19.500000 144.000000 18.840146 
19.500000 144.500000 18.869264 
19.500000 145.000000 18.891015 
19.500000 145.500000 18.894205 
19.500000 146.000000 18.882565 
20.000000 130.000000 18.770588 
20.000000 130.500000 18.817875 
20.000000 131.000000 18.820754 
20.000000 131.500000 18.757943 
20.000000 132.000000 18.693291 
20.000000 132.500000 18.701370 
20.000000 133.000000 18.728722 
20.000000 133.500000 18.745740 
20.000000 134.000000 18.755452 
20.000000 134.500000 18.737235 
20.000000 135.000000 18.732431 
20.000000 135.500000 18.799428 
20.000000 136.000000 18.866466 
20.000000 136.500000 18.865467 
20.000000 137.000000 18.843776 
20.000000 137.500000 18.829939 
20.000000 138.000000 18.812275 
20.000000 138.500000 18.770328 
20.000000 139.000000 18.758968 
20.000000 139.500000 18.870311 
20.000000 140.000000 18.972164 
20.000000 140.500000 18.916970 
20.000000 141.000000 18.842927 
20.000000 141.500000 18.874367 
20.000000 142.000000 18.905340 
20.000000 142.500000 18.838438 
20.000000 143.000000 18.772381 
20.000000 143.500000 18.795987 
20.000000 144.000000 18.841555 
20.000000 144.500000 18.865740 
20.000000 145.000000 18.884295 
20.000000 145.500000 18.898685 
20.000000 146.000000 18.908421 
20.500000 130.000000 18.774726 
20.500000 130.500000 18.793655 
20.500000 131.000000 18.798165 
20.500000 131.500000 18.778086 
20.500000 132.000000 18.763932 
20.500000 132.500000 18.801299 
20.500000 133.000000 18.834768 
20.500000 133.500000 18.807535 
20.500000 134.000000 18.769350 
20.500000 134.500000 18.755437 
20.500000 135.000000 18.752572 
20.500000 135.500000 18.767941 
20.500000 136.000000 18.775529 
20.500000 136.500000 18.728899 
20.500000 137.000000 18.696494 
20.500000 137.500000 18.753609 
20.500000 138.000000 18.833246 
20.500000 138.500000 18.895721 
20.500000 139.000000 18.934388 
20.500000 139.500000 18.914989 
20.500000 140.000000 18.880681 
20.500000 140.500000 18.866736 
20.500000 141.000000 18.862548 
20.500000 141.500000 18.876386 
20.500000 142.000000 18.886901 
20.500000 142.500000 18.863759 
20.500000 143.000000 18.842189 
20.500000 143.500000 18.857895 
20.500000 144.000000 18.879110 
20.500000 144.500000 18.878964 
20.500000 145.000000 18.878479 
20.500000 145.500000 18.891230 
20.500000 146.000000 18.912691 
21.000000 130.000000 18.770210 
21.000000 130.500000 18.763320 
21.000000 131.000000 18.770890 
21.000000 131.500000 18.796048 
21.000000 132.000000 18.829407 
21.000000 132.500000 18.875998 
21.000000 133.000000 18.895703 
21.000000 133.500000 18.826312 
21.000000 134.000000 18.739126 
21.000000 134.500000 18.699156 
21.000000 135.000000 18.663062 
21.000000 135.500000 18.601493 
21.000000 136.000000 18.537502 
21.000000 136.500000 18.464649 
21.000000 137.000000 18.442061 
21.000000 137.500000 18.558297 
21.000000 138.000000 18.718614 
21.000000 138.500000 18.875867 
21.000000 139.000000 18.975823 
21.000000 139.500000 18.896464 
21.000000 140.000000 18.793997 
21.000000 140.500000 18.818391 
21.000000 141.000000 18.866342 
21.000000 141.500000 18.871755 
21.000000 142.000000 18.872972 
21.000000 142.500000 18.892080 
21.000000 143.000000 18.911745 
21.000000 143.500000 18.922689 
21.000000 144.000000 18.922829 
21.000000 144.500000 18.897524 
21.000000 145.000000 18.875167 
21.000000 145.500000 18.882212 
21.000000 146.000000 18.909841 
21.500000 130.000000 18.792889 
21.500000 130.500000 18.752501 
21.500000 131.000000 18.742659 
21.500000 131.500000 18.778961 
21.500000 132.000000 18.814612 
21.500000 132.500000 18.799279 
21.500000 133.000000 18.759171 
21.500000 133.500000 18.716831 
21.500000 134.000000 18.632918 
21.500000 134.500000 18.445787 
21.500000 135.000000 18.244887 
21.500000 135.500000 18.102101 
21.500000 136.000000 18.008488 
21.500000 136.500000 17.981829 
21.500000 137.000000 18.013848 
21.500000 137.500000 18.115741 
21.500000 138.000000 18.246880 
21.500000 138.500000 18.353148 
21.500000 139.000000 18.486211 
21.500000 139.500000 18.734135 
21.500000 140.000000 18.933610 
21.500000 140.500000 18.879733 
21.500000 141.000000 18.785358 
21.500000 141.500000 18.838791 
21.500000 142.000000 18.908774 
21.500000 142.500000 18.904549 
21.500000 143.000000 18.892930 
21.500000 143.500000 18.928836 
21.500000 144.000000 18.957190 
21.500000 144.500000 18.921909 
21.500000 145.000000 18.880931 
21.500000 145.500000 18.878406 
21.500000 146.000000 18.899618 
22.000000 130.000000 18.800072 
22.000000 130.500000 18.755327 
22.000000 131.000000 18.730465 
22.000000 131.500000 18.743300 
22.000000 132.000000 18.740385 
22.000000 132.500000 18.652952 
22.000000 133.000000 18.544783 
22.000000 133.500000 18.496964 
22.000000 134.000000 18.388821 
22.000000 134.500000 18.056843 
22.000000 135.000000 17.710629 
22.000000 135.500000 17.526580 
22.000000 136.000000 17.440778 
22.000000 136.500000 17.465942 
22.000000 137.000000 17.548557 
22.000000 137.500000 17.638081 
22.000000 138.000000 17.738312 
22.000000 138.500000 17.781043 
22.000000 139.000000 17.931745 
22.000000 139.500000 18.485384 
22.000000 140.000000 18.985267 
22.000000 140.500000 18.921192 
22.000000 141.000000 18.748650 
22.000000 141.500000 18.831763 
22.000000 142.000000 18.934439 
22.000000 142.500000 18.898926 
22.000000 143.000000 18.854326 
22.000000 143.500000 18.910915 
22.000000 144.000000 18.967420 
22.000000 144.500000 18.933762 
22.000000 145.000000 18.886644 
22.000000 145.500000 18.878579 
22.000000 146.000000 18.892063 
22.500000 130.000000 18.733356 
22.500000 130.500000 18.784136 
22.500000 131.000000 18.774830 
22.500000 131.500000 18.696001 
22.500000 132.000000 18.575957 
22.500000 132.500000 18.447925 
22.500000 133.000000 18.287714 
22.500000 133.500000 18.083928 
22.500000 134.000000 17.831396 
22.500000 134.500000 17.470673 
22.500000 135.000000 17.153185 
22.500000 135.500000 17.046800 
22.500000 136.000000 17.042746 
22.500000 136.500000 17.088179 
22.500000 137.000000 17.183192 
22.500000 137.500000 17.319486 
22.500000 138.000000 17.469399 
22.500000 138.500000 17.558398 
22.500000 139.000000 17.718804 
22.500000 139.500000 18.138867 
22.500000 140.000000 18.576275 
22.500000 140.500000 18.829046 
22.500000 141.000000 18.964443 
22.500000 141.500000 18.950756 
22.500000 142.000000 18.882914 
22.500000 142.500000 18.850344 
22.500000 143.000000 18.837842 
22.500000 143.500000 18.876915 
22.500000 144.000000 18.916856 
22.500000 144.500000 18.901261 
22.500000 145.000000 18.878738 
22.500000 145.500000 18.882820 
22.500000 146.000000 18.902329 
23.000000 130.000000 18.675716 
23.000000 130.500000 18.809930 
23.000000 131.000000 18.808891 
23.000000 131.500000 18.632803 
23.000000 132.000000 18.401052 
23.000000 132.500000 18.270715 
23.000000 133.000000 18.088916 
23.000000 133.500000 17.694444 
23.000000 134.000000 17.269389 
23.000000 134.500000 16.934166 
23.000000 135.000000 16.712590 
23.000000 135.500000 16.719615 
23.000000 136.000000 16.802238 
23.000000 136.500000 16.800595 
23.000000 137.000000 16.850216 
23.000000 137.500000 17.085609 
23.000000 138.000000 17.349979 
23.000000 138.500000 17.491504 
23.000000 139.000000 17.629769 
23.000000 139.500000 17.820168 
23.000000 140.000000 18.103446 
23.000000 140.500000 18.663543 
23.000000 141.000000 19.126267 
23.000000 141.500000 19.036643 
23.000000 142.000000 18.820967 
23.000000 142.500000 18.807826 
23.000000 143.000000 18.835381 
23.000000 143.500000 18.845074 
23.000000 144.000000 18.855648 
23.000000 144.500000 18.865288 
23.000000 145.000000 18.877111 
23.000000 145.500000 18.893939 
23.000000 146.000000 18.914833 
23.500000 130.000000 18.716164 
23.500000 130.500000 18.797602 
23.500000 131.000000 18.753544 
23.500000 131.500000 18.533030 
23.500000 132.000000 18.288941 
23.500000 132.500000 18.254053 
23.500000 133.000000 18.137718 
23.500000 133.500000 17.600146 
23.500000 134.000000 17.021542 
23.500000 134.500000 16.694174 
23.500000 135.000000 16.542058 
23.500000 135.500000 16.672660 
23.500000 136.000000 16.827888 
23.500000 136.500000 16.644885 
23.500000 137.000000 16.545426 
23.500000 137.500000 16.999776 
23.500000 138.000000 17.499608 
23.500000 138.500000 17.580288 
23.500000 139.000000 17.581004 
23.500000 139.500000 17.681521 
23.500000 140.000000 17.895481 
23.500000 140.500000 18.414734 
23.500000 141.000000 18.884420 
23.500000 141.500000 18.901741 
23.500000 142.000000 18.802360 
23.500000 142.500000 18.827006 
23.500000 143.000000 18.857692 
23.500000 143.500000 18.839347 
23.500000 144.000000 18.823953 
23.500000 144.500000 18.860673 
23.500000 145.000000 18.902886 
23.500000 145.500000 18.916580 
23.500000 146.000000 18.913092 
24.000000 130.000000 18.778184 
24.000000 130.500000 18.777811 
24.000000 131.000000 18.686027 
24.000000 131.500000 18.452870 
24.000000 132.000000 18.228225 
24.000000 132.500000 18.270195 
24.000000 133.000000 18.204174 
24.000000 133.500000 17.553522 
24.000000 134.000000 16.882439 
24.000000 134.500000 16.689157 
24.000000 135.000000 16.694937 
24.000000 135.500000 16.865470 
24.000000 136.000000 16.965706 
24.000000 136.500000 16.523325 
24.000000 137.000000 16.215822 
24.000000 137.500000 16.843143 
24.000000 138.000000 17.565615 
24.000000 138.500000 17.642697 
24.000000 139.000000 17.576940 
24.000000 139.500000 17.631635 
24.000000 140.000000 17.784016 
24.000000 140.500000 18.179474 
24.000000 141.000000 18.576828 
24.000000 141.500000 18.731804 
24.000000 142.000000 18.799062 
24.000000 142.500000 18.863181 
24.000000 143.000000 18.890139 
24.000000 143.500000 18.850571 
24.000000 144.000000 18.815085 
24.000000 144.500000 18.873750 
24.000000 145.000000 18.938814 
24.000000 145.500000 18.945333 
24.000000 146.000000 18.914955 
24.500000 130.000000 18.812676 
24.500000 130.500000 18.778128 
24.500000 131.000000 18.672452 
24.500000 131.500000 18.463435 
24.500000 132.000000 18.247718 
24.500000 132.500000 18.207448 
24.500000 133.000000 18.053893 
24.500000 133.500000 17.325663 
24.500000 134.000000 16.722868 
24.500000 134.500000 17.068715 
24.500000 135.000000 17.532530 
24.500000 135.500000 17.477195 
24.500000 136.000000 17.145256 
24.500000 136.500000 16.339152 
24.500000 137.000000 15.742091 
24.500000 137.500000 16.260843 
24.500000 138.000000 17.027169 
24.500000 138.500000 17.389807 
24.500000 139.000000 17.604607 
24.500000 139.500000 17.646622 
24.500000 140.000000 17.706980 
24.500000 140.500000 18.052276 
24.500000 141.000000 18.431167 
24.500000 141.500000 18.654108 
24.500000 142.000000 18.802308 
24.500000 142.500000 18.893691 
24.500000 143.000000 18.928574 
24.500000 143.500000 18.887464 
24.500000 144.000000 18.847711 
24.500000 144.500000 18.913719 
24.500000 145.000000 18.984839 
24.500000 145.500000 18.986996 
24.500000 146.000000 18.944881 
25.000000 130.000000 18.826406 
25.000000 130.500000 18.772712 
25.000000 131.000000 18.667090 
25.000000 131.500000 18.499277 
25.000000 132.000000 18.300063 
25.000000 132.500000 18.150395 
25.000000 133.000000 17.889534 
25.000000 133.500000 17.132393 
25.000000 134.000000 16.632970 
25.000000 134.500000 17.446271 
25.000000 135.000000 18.284182 
25.000000 135.500000 17.976636 
25.000000 136.000000 17.224498 
25.000000 136.500000 16.131174 
25.000000 137.000000 15.318975 
25.000000 137.500000 15.724276 
25.000000 138.000000 16.508300 
25.000000 138.500000 17.142167 
25.000000 139.000000 17.632569 
25.000000 139.500000 17.676500 
25.000000 140.000000 17.674185 
25.000000 140.500000 18.030213 
25.000000 141.000000 18.428486 
25.000000 141.500000 18.656404 
25.000000 142.000000 18.808063 
25.000000 142.500000 18.908047 
25.000000 143.000000 18.952288 
25.000000 143.500000 18.920333 
25.000000 144.000000 18.885923 
25.000000 144.500000 18.946817 
25.000000 145.000000 19.010512 
25.000000 145.500000 19.009599 
25.000000 146.000000 18.966549 
25.500000 130.000000 18.798712 
25.500000 130.500000 18.724434 
25.500000 131.000000 18.623924 
25.500000 131.500000 18.504146 
25.500000 132.000000 18.344209 
25.500000 132.500000 18.153951 
25.500000 133.000000 17.848149 
25.500000 133.500000 17.126798 
25.500000 134.000000 16.644084 
25.500000 134.500000 17.348767 
25.500000 135.000000 18.057118 
25.500000 135.500000 17.674763 
25.500000 136.000000 16.882401 
25.500000 136.500000 15.777713 
25.500000 137.000000 15.015377 
25.500000 137.500000 15.615440 
25.500000 138.000000 16.579481 
25.500000 138.500000 17.197379 
25.500000 139.000000 17.624285 
25.500000 139.500000 17.641578 
25.500000 140.000000 17.660453 
25.500000 140.500000 18.186209 
25.500000 141.000000 18.717915 
25.500000 141.500000 18.818156 
25.500000 142.000000 18.801677 
25.500000 142.500000 18.871084 
25.500000 143.000000 18.925377 
25.500000 143.500000 18.909773 
25.500000 144.000000 18.888220 
25.500000 144.500000 18.925990 
25.500000 145.000000 18.964322 
25.500000 145.500000 18.961587 
25.500000 146.000000 18.931662 
26.000000 130.000000 18.762779 
26.000000 130.500000 18.694733 
26.000000 131.000000 18.609931 
26.000000 131.500000 18.521559 
26.000000 132.000000 18.390056 
26.000000 132.500000 18.195421 
26.000000 133.000000 17.892173 
26.000000 133.500000 17.268194 
26.000000 134.000000 16.803400 
26.000000 134.500000 17.185247 
26.000000 135.000000 17.579003 
26.000000 135.500000 17.224227 
26.000000 136.000000 16.585501 
26.000000 136.500000 15.663466 
26.000000 137.000000 15.089500 
26.000000 137.500000 15.847677 
26.000000 138.000000 16.880547 
26.000000 138.500000 17.335348 
26.000000 139.000000 17.582090 
26.000000 139.500000 17.607090 
26.000000 140.000000 17.708674 
26.000000 140.500000 18.387227 
26.000000 141.000000 19.022878 
26.000000 141.500000 18.991503 
26.000000 142.000000 18.806235 
26.000000 142.500000 18.834175 
26.000000 143.000000 18.889289 
26.000000 143.500000 18.893645 
26.000000 144.000000 18.890039 
26.000000 144.500000 18.900315 
26.000000 145.000000 18.909397 
26.000000 145.500000 18.908519 
26.000000 146.000000 18.900603 
26.500000 130.000000 18.741860 
26.500000 130.500000 18.768088 
26.500000 131.000000 18.722570 
26.500000 131.500000 18.590347 
26.500000 132.000000 18.416295 
26.500000 132.500000 18.270872 
26.500000 133.000000 18.062364 
26.500000 133.500000 17.633170 
26.500000 134.000000 17.251396 
26.500000 134.500000 17.240759 
26.500000 135.000000 17.276825 
26.500000 135.500000 17.104857 
26.500000 136.000000 16.839473 
26.500000 136.500000 16.378545 
26.500000 137.000000 16.117583 
26.500000 137.500000 16.644640 
26.500000 138.000000 17.279962 
26.500000 138.500000 17.398085 
26.500000 139.000000 17.424184 
26.500000 139.500000 17.570866 
26.500000 140.000000 17.850364 
26.500000 140.500000 18.492980 
26.500000 141.000000 19.057111 
26.500000 141.500000 19.030269 
26.500000 142.000000 18.855412 
26.500000 142.500000 18.851439 
26.500000 143.000000 18.878043 
26.500000 143.500000 18.902296 
26.500000 144.000000 18.920967 
26.500000 144.500000 18.910464 
26.500000 145.000000 18.898948 
26.500000 145.500000 18.909253 
26.500000 146.000000 18.933768 
27.000000 130.000000 18.745091 
27.000000 130.500000 18.838256 
27.000000 131.000000 18.824379 
27.000000 131.500000 18.668316 
27.000000 132.000000 18.475505 
27.000000 132.500000 18.378937 
27.000000 133.000000 18.260818 
27.000000 133.500000 18.022990 
27.000000 134.000000 17.739538 
27.000000 134.500000 17.414239 
27.000000 135.000000 17.159852 
27.000000 135.500000 17.146091 
27.000000 136.000000 17.205861 
27.000000 136.500000 17.185025 
27.000000 137.000000 17.214424 
27.000000 137.500000 17.457397 
27.000000 138.000000 17.662314 
27.000000 138.500000 17.496863 
27.000000 139.000000 17.366428 
27.000000 139.500000 17.655429 
27.000000 140.000000 18.094458 
27.000000 140.500000 18.598135 
27.000000 141.000000 18.998806 
27.000000 141.500000 19.008865 
27.000000 142.000000 18.902786 
27.000000 142.500000 18.879465 
27.000000 143.000000 18.878025 
27.000000 143.500000 18.918857 
27.000000 144.000000 18.957055 
27.000000 144.500000 18.934602 
27.000000 145.000000 18.911220 
27.000000 145.500000 18.932340 
27.000000 146.000000 18.982818 
27.500000 130.000000 18.812228 
27.500000 130.500000 18.788030 
27.500000 131.000000 18.754454 
27.500000 131.500000 18.720845 
27.500000 132.000000 18.659168 
27.500000 132.500000 18.534933 
27.500000 133.000000 18.376862 
27.500000 133.500000 18.209286 
27.500000 134.000000 18.010895 
27.500000 134.500000 17.734662 
27.500000 135.000000 17.482063 
27.500000 135.500000 17.352554 
27.500000 136.000000 17.305168 
27.500000 136.500000 17.337653 
27.500000 137.000000 17.433325 
27.500000 137.500000 17.611053 
27.500000 138.000000 17.761918 
27.500000 138.500000 17.684360 
27.500000 139.000000 17.675182 
27.500000 139.500000 18.084555 
27.500000 140.000000 18.550821 
27.500000 140.500000 18.790879 
27.500000 141.000000 18.919219 
27.500000 141.500000 18.933994 
27.500000 142.000000 18.901106 
27.500000 142.500000 18.887210 
27.500000 143.000000 18.888189 
27.500000 143.500000 18.939709 
27.500000 144.000000 18.989071 
27.500000 144.500000 18.976139 
27.500000 145.000000 18.958895 
27.500000 145.500000 18.980017 
27.500000 146.000000 19.025279 
28.000000 130.000000 18.874656 
28.000000 130.500000 18.734772 
28.000000 131.000000 18.680581 
28.000000 131.500000 18.764032 
28.000000 132.000000 18.829279 
28.000000 132.500000 18.684869 
28.000000 133.000000 18.489568 
28.000000 133.500000 18.357547 
28.000000 134.000000 18.231136 
28.000000 134.500000 18.096956 
28.000000 135.000000 17.936313 
28.000000 135.500000 17.678518 
28.000000 136.000000 17.466179 
28.000000 136.500000 17.448513 
28.000000 137.000000 17.534999 
28.000000 137.500000 17.707143 
28.000000 138.000000 17.898069 
28.000000 138.500000 17.978361 
28.000000 139.000000 18.117148 
28.000000 139.500000 18.552310 
28.000000 140.000000 18.948177 
28.000000 140.500000 18.950371 
28.000000 141.000000 18.852890 
28.000000 141.500000 18.862605 
28.000000 142.000000 18.886522 
28.000000 142.500000 18.891692 
28.000000 143.000000 18.904857 
28.000000 143.500000 18.955457 
28.000000 144.000000 19.002446 
28.000000 144.500000 19.000009 
28.000000 145.000000 18.991884 
28.000000 145.500000 19.010092 
28.000000 146.000000 19.043960 
28.500000 130.000000 18.853741 
28.500000 130.500000 18.787636 
28.500000 131.000000 18.763342 
28.500000 131.500000 18.806700 
28.500000 132.000000 18.840191 
28.500000 132.500000 18.769777 
28.500000 133.000000 18.670849 
28.500000 133.500000 18.599741 
28.500000 134.000000 18.519572 
28.500000 134.500000 18.405454 
28.500000 135.000000 18.277746 
28.500000 135.500000 18.125037 
28.500000 136.000000 18.017753 
28.500000 136.500000 18.042928 
28.500000 137.000000 18.139320 
28.500000 137.500000 18.292773 
28.500000 138.000000 18.449049 
28.500000 138.500000 18.517516 
28.500000 139.000000 18.593198 
28.500000 139.500000 18.790662 
28.500000 140.000000 18.960657 
28.500000 140.500000 18.946597 
28.500000 141.000000 18.885055 
28.500000 141.500000 18.870884 
28.500000 142.000000 18.872652 
28.500000 142.500000 18.895445 
28.500000 143.000000 18.924568 
28.500000 143.500000 18.948746 
28.500000 144.000000 18.962799 
28.500000 144.500000 18.947223 
28.500000 145.000000 18.933705 
28.500000 145.500000 18.950578 
28.500000 146.000000 18.988397 
29.000000 130.000000 18.819302 
29.000000 130.500000 18.854034 
29.000000 131.000000 18.863445 
29.000000 131.500000 18.836059 
29.000000 132.000000 18.806307 
29.000000 132.500000 18.819913 
29.000000 133.000000 18.831514 
29.000000 133.500000 18.808056 
29.000000 134.000000 18.758338 
29.000000 134.500000 18.660909 
29.000000 135.000000 18.573465 
29.000000 135.500000 18.556394 
29.000000 136.000000 18.580172 
29.000000 136.500000 18.635922 
29.000000 137.000000 18.722099 
29.000000 137.500000 18.856340 
29.000000 138.000000 18.972212 
29.000000 138.500000 18.991913 
29.000000 139.000000 18.967190 
29.000000 139.500000 18.909675 
29.000000 140.000000 18.861910 
29.000000 140.500000 18.895260 
29.000000 141.000000 18.934888 
29.000000 141.500000 18.907812 
29.000000 142.000000 18.879837 
29.000000 142.500000 18.910870 
29.000000 143.000000 18.945623 
29.000000 143.500000 18.939850 
29.000000 144.000000 18.920339 
29.000000 144.500000 18.892964 
29.000000 145.000000 18.876216 
29.000000 145.500000 18.893096 
29.000000 146.000000 18.935936 
29.500000 130.000000 18.820397 
29.500000 130.500000 18.870736 
29.500000 131.000000 18.884402 
29.500000 131.500000 18.841028 
29.500000 132.000000 18.801713 
29.500000 132.500000 18.847198 
29.500000 133.000000 18.898193 
29.500000 133.500000 18.888191 
29.500000 134.000000 18.859575 
29.500000 134.500000 18.828291 
29.500000 135.000000 18.807139 
29.500000 135.500000 18.820299 
29.500000 136.000000 18.849577 
29.500000 136.500000 18.878894 
29.500000 137.000000 18.926077 
29.500000 137.500000 19.027454 
29.500000 138.000000 19.111438 
29.500000 138.500000 19.104900 
29.500000 139.000000 19.048792 
29.500000 139.500000 18.932661 
29.500000 140.000000 18.837591 
29.500000 140.500000 18.877767 
29.500000 141.000000 18.943424 
29.500000 141.500000 18.944564 
29.500000 142.000000 18.936067 
29.500000 142.500000 18.952865 
29.500000 143.000000 18.964813 
29.500000 143.500000 18.945068 
29.500000 144.000000 18.918656 
29.500000 144.500000 18.899693 
29.500000 145.000000 18.894074 
29.500000 145.500000 18.913724 
29.500000 146.000000 18.954668 
30.000000 130.000000 18.840674 
30.000000 130.500000 18.858820 
30.000000 131.000000 18.858376 
30.000000 131.500000 18.825299 
30.000000 132.000000 18.801713 
30.000000 132.500000 18.847659 
30.000000 133.000000 18.895342 
30.000000 133.500000 18.871580 
30.000000 134.000000 18.852570 
30.000000 134.500000 18.919277 
30.000000 135.000000 18.984211 
30.000000 135.500000 18.967517 
30.000000 136.000000 18.927254 
30.000000 136.500000 18.888044 
30.000000 137.000000 18.870339 
30.000000 137.500000 18.929577 
30.000000 138.000000 18.985432 
30.000000 138.500000 18.955360 
30.000000 139.000000 18.901447 
30.000000 139.500000 18.851850 
30.000000 140.000000 18.825815 
30.000000 140.500000 18.866984 
30.000000 141.000000 18.930319 
30.000000 141.500000 18.990747 
30.000000 142.000000 19.032012 
30.000000 142.500000 19.016465 
30.000000 143.000000 18.983207 
30.000000 143.500000 18.958966 
30.000000 144.000000 18.943222 
30.000000 144.500000 18.946589 
30.000000 145.000000 18.962393 
30.000000 145.500000 18.987103 
30.000000 146.000000 19.021895 
