27.000000 27.000000 0 
140.000000 2.000000 0.000000 
140.000000 3.000000 0.000000 
140.000000 4.000000 0.000000 
140.000000 5.000000 0.000000 
140.000000 6.000000 0.000000 
140.000000 7.000000 0.000000 
140.000000 8.000000 0.000000 
140.000000 9.000000 0.000000 
140.000000 10.000000 0.000000 
140.000000 11.000000 0.000000 
140.000000 12.000000 0.000000 
140.000000 13.000000 0.000000 
140.000000 14.000000 0.000000 
140.000000 15.000000 0.000000 
140.000000 16.000000 0.000000 
140.000000 17.000000 0.000000 
140.000000 18.000000 0.000000 
140.000000 19.000000 0.000000 
140.000000 20.000000 0.000000 
140.000000 21.000000 0.000000 
140.000000 22.000000 0.000000 
140.000000 23.000000 0.000000 
140.000000 24.000000 0.000000 
140.000000 25.000000 0.000000 
140.000000 26.000000 0.000000 
140.000000 27.000000 0.000000 
140.000000 28.000000 0.000000 
141.000000 2.000000 0.000000 
141.000000 3.000000 0.000000 
141.000000 4.000000 0.000000 
141.000000 5.000000 0.000000 
141.000000 6.000000 0.000000 
141.000000 7.000000 0.000000 
141.000000 8.000000 0.000000 
141.000000 9.000000 0.000000 
141.000000 10.000000 0.000000 
141.000000 11.000000 0.000000 
141.000000 12.000000 0.000000 
141.000000 13.000000 0.000000 
141.000000 14.000000 0.000000 
141.000000 15.000000 0.000000 
141.000000 16.000000 0.000000 
141.000000 17.000000 0.000000 
141.000000 18.000000 0.000000 
141.000000 19.000000 0.000000 
141.000000 20.000000 0.000000 
141.000000 21.000000 0.000000 
141.000000 22.000000 0.000000 
141.000000 23.000000 0.000000 
141.000000 24.000000 0.000000 
141.000000 25.000000 0.000000 
141.000000 26.000000 0.000000 
141.000000 27.000000 0.000000 
141.000000 28.000000 0.000000 
142.000000 2.000000 0.000000 
142.000000 3.000000 0.000000 
142.000000 4.000000 0.000000 
142.000000 5.000000 0.000000 
142.000000 6.000000 0.000000 
142.000000 7.000000 0.000000 
142.000000 8.000000 0.000000 
142.000000 9.000000 0.000000 
142.000000 10.000000 0.000000 
142.000000 11.000000 0.000000 
142.000000 12.000000 0.000000 
142.000000 13.000000 0.000000 
142.000000 14.000000 0.000000 
142.000000 15.000000 0.000000 
142.000000 16.000000 0.000000 
142.000000 17.000000 0.000000 
142.000000 18.000000 0.000000 
142.000000 19.000000 0.000000 
142.000000 20.000000 0.000000 
142.000000 21.000000 0.000000 
142.000000 22.000000 0.000000 
142.000000 23.000000 0.000000 
142.000000 24.000000 0.000000 
142.000000 25.000000 0.000000 
142.000000 26.000000 0.000000 
142.000000 27.000000 0.000000 
142.000000 28.000000 0.000000 
143.000000 2.000000 0.000000 
143.000000 3.000000 0.000000 
143.000000 4.000000 0.000000 
143.000000 5.000000 0.000000 
143.000000 6.000000 0.000000 
143.000000 7.000000 0.000000 
143.000000 8.000000 0.000000 
143.000000 9.000000 0.000000 
143.000000 10.000000 0.000000 
143.000000 11.000000 0.000000 
143.000000 12.000000 0.000000 
143.000000 13.000000 0.000000 
143.000000 14.000000 0.000000 
143.000000 15.000000 0.000000 
143.000000 16.000000 0.000000 
143.000000 17.000000 0.000000 
143.000000 18.000000 0.000000 
143.000000 19.000000 0.000000 
143.000000 20.000000 0.000000 
143.000000 21.000000 0.000000 
143.000000 22.000000 0.000000 
143.000000 23.000000 0.000000 
143.000000 24.000000 0.000000 
143.000000 25.000000 0.000000 
143.000000 26.000000 0.000000 
143.000000 27.000000 0.000000 
143.000000 28.000000 0.000000 
144.000000 2.000000 0.000000 
144.000000 3.000000 0.000000 
144.000000 4.000000 0.000000 
144.000000 5.000000 0.000000 
144.000000 6.000000 0.000000 
144.000000 7.000000 0.000000 
144.000000 8.000000 0.000000 
144.000000 9.000000 0.000000 
144.000000 10.000000 0.000000 
144.000000 11.000000 0.000000 
144.000000 12.000000 0.000000 
144.000000 13.000000 0.000000 
144.000000 14.000000 0.000000 
144.000000 15.000000 0.000000 
144.000000 16.000000 0.000000 
144.000000 17.000000 0.000000 
144.000000 18.000000 0.000000 
144.000000 19.000000 0.000000 
144.000000 20.000000 0.000000 
144.000000 21.000000 0.000000 
144.000000 22.000000 0.000000 
144.000000 23.000000 0.000000 
144.000000 24.000000 0.000000 
144.000000 25.000000 0.000000 
144.000000 26.000000 0.000000 
144.000000 27.000000 0.000000 
144.000000 28.000000 0.000000 
145.000000 2.000000 0.000000 
145.000000 3.000000 0.000000 
145.000000 4.000000 0.000000 
145.000000 5.000000 0.000000 
145.000000 6.000000 0.000000 
145.000000 7.000000 0.000000 
145.000000 8.000000 0.000000 
145.000000 9.000000 0.000000 
145.000000 10.000000 0.000000 
145.000000 11.000000 0.000000 
145.000000 12.000000 0.000000 
145.000000 13.000000 0.000000 
145.000000 14.000000 0.000000 
145.000000 15.000000 0.000000 
145.000000 16.000000 0.000000 
145.000000 17.000000 0.000000 
145.000000 18.000000 0.000000 
145.000000 19.000000 0.000000 
145.000000 20.000000 0.000000 
145.000000 21.000000 0.000000 
145.000000 22.000000 0.000000 
145.000000 23.000000 0.000000 
145.000000 24.000000 0.000000 
145.000000 25.000000 0.000000 
145.000000 26.000000 0.000000 
145.000000 27.000000 0.000000 
145.000000 28.000000 0.000000 
146.000000 2.000000 0.000000 
146.000000 3.000000 0.000000 
146.000000 4.000000 0.000000 
146.000000 5.000000 0.000000 
146.000000 6.000000 0.000000 
146.000000 7.000000 0.000000 
146.000000 8.000000 0.000000 
146.000000 9.000000 0.000000 
146.000000 10.000000 0.000000 
146.000000 11.000000 0.000000 
146.000000 12.000000 0.000000 
146.000000 13.000000 0.000000 
146.000000 14.000000 0.000000 
146.000000 15.000000 0.000000 
146.000000 16.000000 0.000000 
146.000000 17.000000 0.000000 
146.000000 18.000000 0.000000 
146.000000 19.000000 0.000000 
146.000000 20.000000 0.000000 
146.000000 21.000000 0.000000 
146.000000 22.000000 0.000000 
146.000000 23.000000 0.000000 
146.000000 24.000000 0.000000 
146.000000 25.000000 0.000000 
146.000000 26.000000 0.000000 
146.000000 27.000000 0.000000 
146.000000 28.000000 0.000000 
147.000000 2.000000 0.000000 
147.000000 3.000000 0.000000 
147.000000 4.000000 0.000000 
147.000000 5.000000 0.000000 
147.000000 6.000000 0.000000 
147.000000 7.000000 0.000000 
147.000000 8.000000 0.000000 
147.000000 9.000000 0.000000 
147.000000 10.000000 0.000000 
147.000000 11.000000 0.000000 
147.000000 12.000000 0.000000 
147.000000 13.000000 0.000000 
147.000000 14.000000 0.000000 
147.000000 15.000000 0.000000 
147.000000 16.000000 0.000000 
147.000000 17.000000 0.000000 
147.000000 18.000000 0.000000 
147.000000 19.000000 0.000000 
147.000000 20.000000 0.000000 
147.000000 21.000000 0.000000 
147.000000 22.000000 0.000000 
147.000000 23.000000 0.000000 
147.000000 24.000000 0.000000 
147.000000 25.000000 0.000000 
147.000000 26.000000 0.000000 
147.000000 27.000000 0.000000 
147.000000 28.000000 0.000000 
148.000000 2.000000 0.000000 
148.000000 3.000000 0.000000 
148.000000 4.000000 0.000000 
148.000000 5.000000 0.000000 
148.000000 6.000000 0.000000 
148.000000 7.000000 0.000000 
148.000000 8.000000 0.000000 
148.000000 9.000000 0.000000 
148.000000 10.000000 0.000000 
148.000000 11.000000 0.000000 
148.000000 12.000000 0.000000 
148.000000 13.000000 0.000000 
148.000000 14.000000 0.000000 
148.000000 15.000000 0.000000 
148.000000 16.000000 0.000000 
148.000000 17.000000 0.000000 
148.000000 18.000000 0.000000 
148.000000 19.000000 0.000000 
148.000000 20.000000 0.000000 
148.000000 21.000000 0.000000 
148.000000 22.000000 0.000000 
148.000000 23.000000 0.000000 
148.000000 24.000000 0.000000 
148.000000 25.000000 0.000000 
148.000000 26.000000 0.000000 
148.000000 27.000000 0.000000 
148.000000 28.000000 0.000000 
149.000000 2.000000 0.000000 
149.000000 3.000000 0.000000 
149.000000 4.000000 0.000000 
149.000000 5.000000 0.000000 
149.000000 6.000000 0.000000 
149.000000 7.000000 0.000000 
149.000000 8.000000 0.000000 
149.000000 9.000000 0.000000 
149.000000 10.000000 0.000000 
149.000000 11.000000 0.000000 
149.000000 12.000000 0.000000 
149.000000 13.000000 0.000000 
149.000000 14.000000 0.000000 
149.000000 15.000000 0.000000 
149.000000 16.000000 0.000000 
149.000000 17.000000 0.000000 
149.000000 18.000000 0.000000 
149.000000 19.000000 0.000000 
149.000000 20.000000 0.000000 
149.000000 21.000000 0.000000 
149.000000 22.000000 0.000000 
149.000000 23.000000 0.000000 
149.000000 24.000000 0.000000 
149.000000 25.000000 0.000000 
149.000000 26.000000 0.000000 
149.000000 27.000000 0.000000 
149.000000 28.000000 0.000000 
150.000000 2.000000 0.000000 
150.000000 3.000000 0.000000 
150.000000 4.000000 0.000000 
150.000000 5.000000 0.000000 
150.000000 6.000000 0.000000 
150.000000 7.000000 0.000000 
150.000000 8.000000 0.000000 
150.000000 9.000000 0.000000 
150.000000 10.000000 0.000000 
150.000000 11.000000 0.000000 
150.000000 12.000000 0.000000 
150.000000 13.000000 0.000000 
150.000000 14.000000 0.000000 
150.000000 15.000000 0.000000 
150.000000 16.000000 0.000000 
150.000000 17.000000 0.000000 
150.000000 18.000000 0.000000 
150.000000 19.000000 0.000000 
150.000000 20.000000 0.000000 
150.000000 21.000000 0.000000 
150.000000 22.000000 0.000000 
150.000000 23.000000 0.000000 
150.000000 24.000000 0.000000 
150.000000 25.000000 0.000000 
150.000000 26.000000 0.000000 
150.000000 27.000000 0.000000 
150.000000 28.000000 0.000000 
151.000000 2.000000 0.000000 
151.000000 3.000000 0.000000 
151.000000 4.000000 0.000000 
151.000000 5.000000 0.000000 
151.000000 6.000000 0.000000 
151.000000 7.000000 0.000000 
151.000000 8.000000 0.000000 
151.000000 9.000000 0.000000 
151.000000 10.000000 0.000000 
151.000000 11.000000 0.000000 
151.000000 12.000000 0.000000 
151.000000 13.000000 0.000000 
151.000000 14.000000 0.000000 
151.000000 15.000000 0.000000 
151.000000 16.000000 0.000000 
151.000000 17.000000 0.000000 
151.000000 18.000000 0.000000 
151.000000 19.000000 0.000000 
151.000000 20.000000 0.000000 
151.000000 21.000000 0.000000 
151.000000 22.000000 0.000000 
151.000000 23.000000 0.000000 
151.000000 24.000000 0.000000 
151.000000 25.000000 0.000000 
151.000000 26.000000 0.000000 
151.000000 27.000000 0.000000 
151.000000 28.000000 0.000000 
152.000000 2.000000 0.000000 
152.000000 3.000000 0.000000 
152.000000 4.000000 0.000000 
152.000000 5.000000 0.000000 
152.000000 6.000000 0.000000 
152.000000 7.000000 0.000000 
152.000000 8.000000 0.000000 
152.000000 9.000000 0.000000 
152.000000 10.000000 0.000000 
152.000000 11.000000 0.000000 
152.000000 12.000000 0.000000 
152.000000 13.000000 0.000000 
152.000000 14.000000 0.000000 
152.000000 15.000000 0.000000 
152.000000 16.000000 0.000000 
152.000000 17.000000 0.000000 
152.000000 18.000000 0.000000 
152.000000 19.000000 0.000000 
152.000000 20.000000 0.000000 
152.000000 21.000000 0.000000 
152.000000 22.000000 0.000000 
152.000000 23.000000 0.000000 
152.000000 24.000000 0.000000 
152.000000 25.000000 0.000000 
152.000000 26.000000 0.000000 
152.000000 27.000000 0.000000 
152.000000 28.000000 0.000000 
153.000000 2.000000 0.000000 
153.000000 3.000000 0.000000 
153.000000 4.000000 0.000000 
153.000000 5.000000 0.000000 
153.000000 6.000000 0.000000 
153.000000 7.000000 0.000000 
153.000000 8.000000 0.000000 
153.000000 9.000000 0.000000 
153.000000 10.000000 0.000000 
153.000000 11.000000 0.000000 
153.000000 12.000000 0.000000 
153.000000 13.000000 0.000000 
153.000000 14.000000 0.000000 
153.000000 15.000000 0.000000 
153.000000 16.000000 0.000000 
153.000000 17.000000 0.000000 
153.000000 18.000000 0.000000 
153.000000 19.000000 0.000000 
153.000000 20.000000 0.000000 
153.000000 21.000000 0.000000 
153.000000 22.000000 0.000000 
153.000000 23.000000 0.000000 
153.000000 24.000000 0.000000 
153.000000 25.000000 0.000000 
153.000000 26.000000 0.000000 
153.000000 27.000000 0.000000 
153.000000 28.000000 0.000000 
154.000000 2.000000 0.000000 
154.000000 3.000000 0.000000 
154.000000 4.000000 0.000000 
154.000000 5.000000 0.000000 
154.000000 6.000000 0.000000 
154.000000 7.000000 0.000000 
154.000000 8.000000 0.000000 
154.000000 9.000000 0.000000 
154.000000 10.000000 0.000000 
154.000000 11.000000 0.000000 
154.000000 12.000000 0.000000 
154.000000 13.000000 0.000000 
154.000000 14.000000 0.000000 
154.000000 15.000000 0.000000 
154.000000 16.000000 0.000000 
154.000000 17.000000 0.000000 
154.000000 18.000000 0.000000 
154.000000 19.000000 0.000000 
154.000000 20.000000 0.000000 
154.000000 21.000000 0.000000 
154.000000 22.000000 0.000000 
154.000000 23.000000 0.000000 
154.000000 24.000000 0.000000 
154.000000 25.000000 0.000000 
154.000000 26.000000 0.000000 
154.000000 27.000000 0.000000 
154.000000 28.000000 0.000000 
155.000000 2.000000 0.000000 
155.000000 3.000000 0.000000 
155.000000 4.000000 0.000000 
155.000000 5.000000 0.000000 
155.000000 6.000000 0.000000 
155.000000 7.000000 0.000000 
155.000000 8.000000 0.000000 
155.000000 9.000000 0.000000 
155.000000 10.000000 0.000000 
155.000000 11.000000 0.000000 
155.000000 12.000000 0.000000 
155.000000 13.000000 0.000000 
155.000000 14.000000 0.000000 
155.000000 15.000000 0.000000 
155.000000 16.000000 0.000000 
155.000000 17.000000 0.000000 
155.000000 18.000000 0.000000 
155.000000 19.000000 0.000000 
155.000000 20.000000 0.000000 
155.000000 21.000000 0.000000 
155.000000 22.000000 0.000000 
155.000000 23.000000 0.000000 
155.000000 24.000000 0.000000 
155.000000 25.000000 0.000000 
155.000000 26.000000 0.000000 
155.000000 27.000000 0.000000 
155.000000 28.000000 0.000000 
156.000000 2.000000 0.000000 
156.000000 3.000000 0.000000 
156.000000 4.000000 0.000000 
156.000000 5.000000 0.000000 
156.000000 6.000000 0.000000 
156.000000 7.000000 0.000000 
156.000000 8.000000 0.000000 
156.000000 9.000000 0.000000 
156.000000 10.000000 0.000000 
156.000000 11.000000 0.000000 
156.000000 12.000000 0.000000 
156.000000 13.000000 0.000000 
156.000000 14.000000 0.000000 
156.000000 15.000000 0.000000 
156.000000 16.000000 0.000000 
156.000000 17.000000 0.000000 
156.000000 18.000000 0.000000 
156.000000 19.000000 0.000000 
156.000000 20.000000 0.000000 
156.000000 21.000000 0.000000 
156.000000 22.000000 0.000000 
156.000000 23.000000 0.000000 
156.000000 24.000000 0.000000 
156.000000 25.000000 0.000000 
156.000000 26.000000 0.000000 
156.000000 27.000000 0.000000 
156.000000 28.000000 0.000000 
157.000000 2.000000 0.000000 
157.000000 3.000000 0.000000 
157.000000 4.000000 0.000000 
157.000000 5.000000 0.000000 
157.000000 6.000000 0.000000 
157.000000 7.000000 0.000000 
157.000000 8.000000 0.000000 
157.000000 9.000000 0.000000 
157.000000 10.000000 0.000000 
157.000000 11.000000 0.000000 
157.000000 12.000000 0.000000 
157.000000 13.000000 0.000000 
157.000000 14.000000 0.000000 
157.000000 15.000000 0.000000 
157.000000 16.000000 0.000000 
157.000000 17.000000 0.000000 
157.000000 18.000000 0.000000 
157.000000 19.000000 0.000000 
157.000000 20.000000 0.000000 
157.000000 21.000000 0.000000 
157.000000 22.000000 0.000000 
157.000000 23.000000 0.000000 
157.000000 24.000000 0.000000 
157.000000 25.000000 0.000000 
157.000000 26.000000 0.000000 
157.000000 27.000000 0.000000 
157.000000 28.000000 0.000000 
158.000000 2.000000 0.000000 
158.000000 3.000000 0.000000 
158.000000 4.000000 0.000000 
158.000000 5.000000 0.000000 
158.000000 6.000000 0.000000 
158.000000 7.000000 0.000000 
158.000000 8.000000 0.000000 
158.000000 9.000000 0.000000 
158.000000 10.000000 0.000000 
158.000000 11.000000 0.000000 
158.000000 12.000000 0.000000 
158.000000 13.000000 0.000000 
158.000000 14.000000 0.000000 
158.000000 15.000000 0.000000 
158.000000 16.000000 0.000000 
158.000000 17.000000 0.000000 
158.000000 18.000000 0.000000 
158.000000 19.000000 0.000000 
158.000000 20.000000 0.000000 
158.000000 21.000000 0.000000 
158.000000 22.000000 0.000000 
158.000000 23.000000 0.000000 
158.000000 24.000000 0.000000 
158.000000 25.000000 0.000000 
158.000000 26.000000 0.000000 
158.000000 27.000000 0.000000 
158.000000 28.000000 0.000000 
159.000000 2.000000 0.000000 
159.000000 3.000000 0.000000 
159.000000 4.000000 0.000000 
159.000000 5.000000 0.000000 
159.000000 6.000000 0.000000 
159.000000 7.000000 0.000000 
159.000000 8.000000 0.000000 
159.000000 9.000000 0.000000 
159.000000 10.000000 0.000000 
159.000000 11.000000 0.000000 
159.000000 12.000000 0.000000 
159.000000 13.000000 0.000000 
159.000000 14.000000 0.000000 
159.000000 15.000000 0.000000 
159.000000 16.000000 0.000000 
159.000000 17.000000 0.000000 
159.000000 18.000000 0.000000 
159.000000 19.000000 0.000000 
159.000000 20.000000 0.000000 
159.000000 21.000000 0.000000 
159.000000 22.000000 0.000000 
159.000000 23.000000 0.000000 
159.000000 24.000000 0.000000 
159.000000 25.000000 0.000000 
159.000000 26.000000 0.000000 
159.000000 27.000000 0.000000 
159.000000 28.000000 0.000000 
160.000000 2.000000 0.000000 
160.000000 3.000000 0.000000 
160.000000 4.000000 0.000000 
160.000000 5.000000 0.000000 
160.000000 6.000000 0.000000 
160.000000 7.000000 0.000000 
160.000000 8.000000 0.000000 
160.000000 9.000000 0.000000 
160.000000 10.000000 0.000000 
160.000000 11.000000 0.000000 
160.000000 12.000000 0.000000 
160.000000 13.000000 0.000000 
160.000000 14.000000 0.000000 
160.000000 15.000000 0.000000 
160.000000 16.000000 0.000000 
160.000000 17.000000 0.000000 
160.000000 18.000000 0.000000 
160.000000 19.000000 0.000000 
160.000000 20.000000 0.000000 
160.000000 21.000000 0.000000 
160.000000 22.000000 0.000000 
160.000000 23.000000 0.000000 
160.000000 24.000000 0.000000 
160.000000 25.000000 0.000000 
160.000000 26.000000 0.000000 
160.000000 27.000000 0.000000 
160.000000 28.000000 0.000000 
161.000000 2.000000 0.000000 
161.000000 3.000000 0.000000 
161.000000 4.000000 0.000000 
161.000000 5.000000 0.000000 
161.000000 6.000000 0.000000 
161.000000 7.000000 0.000000 
161.000000 8.000000 0.000000 
161.000000 9.000000 0.000000 
161.000000 10.000000 0.000000 
161.000000 11.000000 0.000000 
161.000000 12.000000 0.000000 
161.000000 13.000000 0.000000 
161.000000 14.000000 0.000000 
161.000000 15.000000 0.000000 
161.000000 16.000000 0.000000 
161.000000 17.000000 0.000000 
161.000000 18.000000 0.000000 
161.000000 19.000000 0.000000 
161.000000 20.000000 0.000000 
161.000000 21.000000 0.000000 
161.000000 22.000000 0.000000 
161.000000 23.000000 0.000000 
161.000000 24.000000 0.000000 
161.000000 25.000000 0.000000 
161.000000 26.000000 0.000000 
161.000000 27.000000 0.000000 
161.000000 28.000000 0.000000 
162.000000 2.000000 0.000000 
162.000000 3.000000 0.000000 
162.000000 4.000000 0.000000 
162.000000 5.000000 0.000000 
162.000000 6.000000 0.000000 
162.000000 7.000000 0.000000 
162.000000 8.000000 0.000000 
162.000000 9.000000 0.000000 
162.000000 10.000000 0.000000 
162.000000 11.000000 0.000000 
162.000000 12.000000 0.000000 
162.000000 13.000000 0.000000 
162.000000 14.000000 0.000000 
162.000000 15.000000 0.000000 
162.000000 16.000000 0.000000 
162.000000 17.000000 0.000000 
162.000000 18.000000 0.000000 
162.000000 19.000000 0.000000 
162.000000 20.000000 0.000000 
162.000000 21.000000 0.000000 
162.000000 22.000000 0.000000 
162.000000 23.000000 0.000000 
162.000000 24.000000 0.000000 
162.000000 25.000000 0.000000 
162.000000 26.000000 0.000000 
162.000000 27.000000 0.000000 
162.000000 28.000000 0.000000 
163.000000 2.000000 0.000000 
163.000000 3.000000 0.000000 
163.000000 4.000000 0.000000 
163.000000 5.000000 0.000000 
163.000000 6.000000 0.000000 
163.000000 7.000000 0.000000 
163.000000 8.000000 0.000000 
163.000000 9.000000 0.000000 
163.000000 10.000000 0.000000 
163.000000 11.000000 0.000000 
163.000000 12.000000 0.000000 
163.000000 13.000000 0.000000 
163.000000 14.000000 0.000000 
163.000000 15.000000 0.000000 
163.000000 16.000000 0.000000 
163.000000 17.000000 0.000000 
163.000000 18.000000 0.000000 
163.000000 19.000000 0.000000 
163.000000 20.000000 0.000000 
163.000000 21.000000 0.000000 
163.000000 22.000000 0.000000 
163.000000 23.000000 0.000000 
163.000000 24.000000 0.000000 
163.000000 25.000000 0.000000 
163.000000 26.000000 0.000000 
163.000000 27.000000 0.000000 
163.000000 28.000000 0.000000 
164.000000 2.000000 0.000000 
164.000000 3.000000 0.000000 
164.000000 4.000000 0.000000 
164.000000 5.000000 0.000000 
164.000000 6.000000 0.000000 
164.000000 7.000000 0.000000 
164.000000 8.000000 0.000000 
164.000000 9.000000 0.000000 
164.000000 10.000000 0.000000 
164.000000 11.000000 0.000000 
164.000000 12.000000 0.000000 
164.000000 13.000000 0.000000 
164.000000 14.000000 0.000000 
164.000000 15.000000 0.000000 
164.000000 16.000000 0.000000 
164.000000 17.000000 0.000000 
164.000000 18.000000 0.000000 
164.000000 19.000000 0.000000 
164.000000 20.000000 0.000000 
164.000000 21.000000 0.000000 
164.000000 22.000000 0.000000 
164.000000 23.000000 0.000000 
164.000000 24.000000 0.000000 
164.000000 25.000000 0.000000 
164.000000 26.000000 0.000000 
164.000000 27.000000 0.000000 
164.000000 28.000000 0.000000 
165.000000 2.000000 0.000000 
165.000000 3.000000 0.000000 
165.000000 4.000000 0.000000 
165.000000 5.000000 0.000000 
165.000000 6.000000 0.000000 
165.000000 7.000000 0.000000 
165.000000 8.000000 0.000000 
165.000000 9.000000 0.000000 
165.000000 10.000000 0.000000 
165.000000 11.000000 0.000000 
165.000000 12.000000 0.000000 
165.000000 13.000000 0.000000 
165.000000 14.000000 0.000000 
165.000000 15.000000 0.000000 
165.000000 16.000000 0.000000 
165.000000 17.000000 0.000000 
165.000000 18.000000 0.000000 
165.000000 19.000000 0.000000 
165.000000 20.000000 0.000000 
165.000000 21.000000 0.000000 
165.000000 22.000000 0.000000 
165.000000 23.000000 0.000000 
165.000000 24.000000 0.000000 
165.000000 25.000000 0.000000 
165.000000 26.000000 0.000000 
165.000000 27.000000 0.000000 
165.000000 28.000000 0.000000 
166.000000 2.000000 0.000000 
166.000000 3.000000 0.000000 
166.000000 4.000000 0.000000 
166.000000 5.000000 0.000000 
166.000000 6.000000 0.000000 
166.000000 7.000000 0.000000 
166.000000 8.000000 0.000000 
166.000000 9.000000 0.000000 
166.000000 10.000000 0.000000 
166.000000 11.000000 0.000000 
166.000000 12.000000 0.000000 
166.000000 13.000000 0.000000 
166.000000 14.000000 0.000000 
166.000000 15.000000 0.000000 
166.000000 16.000000 0.000000 
166.000000 17.000000 0.000000 
166.000000 18.000000 0.000000 
166.000000 19.000000 0.000000 
166.000000 20.000000 0.000000 
166.000000 21.000000 0.000000 
166.000000 22.000000 0.000000 
166.000000 23.000000 0.000000 
166.000000 24.000000 0.000000 
166.000000 25.000000 0.000000 
166.000000 26.000000 0.000000 
166.000000 27.000000 0.000000 
166.000000 28.000000 0.000000 
